date,open,high,low,close,volume,amount
2010-07-15,2.74,2.74,2.69,2.7,4039725056.0,10949613568.0
2010-07-16,2.7,2.7,2.68,2.69,1378955136.0,3707551232.0
2010-07-19,2.68,2.71,2.68,2.71,1146738304.0,3088010496.0
2010-07-20,2.7,2.71,2.69,2.71,844226048.0,2278829312.0
2010-07-21,2.7,2.71,2.69,2.71,622094336.0,1678918016.0
2010-07-22,2.7,2.75,2.69,2.73,1065122560.0,2895028992.0
2010-07-23,2.73,2.84,2.73,2.81,1792782976.0,5001163776.0
2010-07-26,2.83,2.84,2.77,2.8,704693888.0,1974873472.0
2010-07-27,2.79,2.8,2.77,2.78,384484000.0,1070440000.0
2010-07-28,2.78,2.85,2.78,2.84,796917120.0,2248740096.0
2010-07-29,2.84,2.88,2.81,2.83,894588416.0,2542991616.0
2010-07-30,2.82,2.82,2.77,2.79,510624544.0,1423707776.0
2010-08-02,2.78,2.81,2.77,2.8,521574624.0,1454410880.0
2010-08-03,2.8,2.81,2.73,2.73,566704192.0,1568202112.0
2010-08-04,2.73,2.75,2.7,2.73,413863456.0,1127312000.0
2010-08-05,2.73,2.73,2.71,2.72,335500224.0,911158976.0
2010-08-06,2.72,2.73,2.7,2.72,328014912.0,891315200.0
2010-08-09,2.72,2.73,2.7,2.72,459887584.0,1246015616.0
2010-08-10,2.71,2.72,2.68,2.69,506683552.0,1364669824.0
2010-08-11,2.69,2.7,2.68,2.69,468119360.0,1258909824.0
2010-08-12,2.68,2.69,2.68,2.68,511566720.0,1372025984.0
2010-08-13,2.68,2.69,2.68,2.69,661554112.0,1774477696.0
2010-08-16,2.68,2.72,2.68,2.71,386549152.0,1043020800.0
2010-08-17,2.7,2.7,2.68,2.69,332728096.0,894785920.0
2010-08-18,2.69,2.71,2.68,2.69,395987072.0,1065636672.0
2010-08-19,2.69,2.7,2.68,2.69,414253728.0,1113238272.0
2010-08-20,2.68,2.69,2.68,2.68,429512128.0,1151677312.0
2010-08-23,2.68,2.69,2.68,2.68,146681520.0,393475936.0
2010-08-24,2.68,2.7,2.68,2.69,256305248.0,688912768.0
2010-08-25,2.68,2.69,2.68,2.68,336694528.0,902581632.0
2010-08-26,2.68,2.69,2.68,2.69,172732096.0,463500800.0
2010-08-27,2.69,2.69,2.68,2.69,153487808.0,411906560.0
2010-08-30,2.69,2.71,2.68,2.7,366137376.0,986902592.0
2010-08-31,2.7,2.7,2.68,2.69,228897712.0,615761216.0
2010-09-01,2.68,2.7,2.68,2.68,313642944.0,842476736.0
2010-09-02,2.69,2.69,2.68,2.69,167608896.0,449766176.0
2010-09-03,2.69,2.7,2.68,2.69,282524064.0,758869056.0
2010-09-06,2.69,2.7,2.68,2.7,243962032.0,656577600.0
2010-09-07,2.7,2.7,2.68,2.69,171286144.0,460782496.0
2010-09-08,2.68,2.7,2.68,2.7,225396512.0,605671744.0
2010-09-09,2.69,2.7,2.68,2.69,223250224.0,599339520.0
2010-09-10,2.68,2.7,2.68,2.69,284969600.0,765617280.0
2010-09-13,2.69,2.7,2.68,2.7,297385024.0,800205120.0
2010-09-14,2.69,2.7,2.68,2.69,218247120.0,587166592.0
2010-09-15,2.69,2.69,2.68,2.68,179704432.0,481997216.0
2010-09-16,2.68,2.69,2.61,2.63,543375104.0,1437568896.0
2010-09-17,2.62,2.63,2.57,2.6,260687408.0,676648576.0
2010-09-20,2.6,2.62,2.58,2.6,165395856.0,429141728.0
2010-09-21,2.6,2.61,2.59,2.59,75221896.0,195137104.0
2010-09-27,2.6,2.6,2.57,2.59,96103712.0,248183680.0
2010-09-28,2.58,2.59,2.57,2.57,88831032.0,228960480.0
2010-09-29,2.57,2.58,2.52,2.53,139475520.0,355972064.0
2010-09-30,2.53,2.64,2.53,2.61,252475760.0,657088000.0
2010-10-08,2.64,2.69,2.62,2.67,344211808.0,916298560.0
2010-10-11,2.67,2.73,2.65,2.7,572540480.0,1543154176.0
2010-10-12,2.68,2.69,2.66,2.68,219468576.0,587754688.0
2010-10-13,2.67,2.72,2.65,2.71,514126400.0,1383467264.0
2010-10-14,2.73,2.82,2.73,2.79,1327941248.0,3700756992.0
2010-10-15,2.81,2.95,2.81,2.95,1663792256.0,4798576128.0
2010-10-18,2.98,3.1,2.94,2.95,1117860224.0,3365090048.0
2010-10-19,2.9,2.96,2.84,2.94,499667296.0,1455175040.0
2010-10-20,2.95,3.02,2.9,2.94,638194240.0,1884762880.0
2010-10-21,2.93,2.93,2.8,2.84,627321280.0,1782841344.0
2010-10-22,2.83,2.84,2.77,2.81,406010400.0,1136434048.0
2010-10-25,2.81,2.84,2.76,2.83,469943328.0,1319910912.0
2010-10-26,2.83,2.84,2.74,2.76,485825152.0,1351903616.0
2010-10-27,2.75,2.81,2.73,2.76,459110496.0,1273020800.0
2010-10-28,2.78,2.81,2.75,2.8,316519424.0,879640064.0
2010-10-29,2.79,2.8,2.74,2.76,251290864.0,693182400.0
2010-11-01,2.75,2.78,2.74,2.78,355333696.0,981577536.0
2010-11-02,2.77,2.79,2.72,2.77,361303360.0,993980992.0
2010-11-03,2.78,2.84,2.74,2.82,629196352.0,1762488448.0
2010-11-04,2.82,2.87,2.81,2.84,434913600.0,1234006272.0
2010-11-05,2.87,2.9,2.85,2.89,519955392.0,1494552960.0
2010-11-08,2.89,2.91,2.86,2.89,386973120.0,1116586112.0
2010-11-09,2.89,2.89,2.79,2.83,449443008.0,1278537856.0
2010-11-10,2.8,2.8,2.75,2.77,477843072.0,1323713024.0
2010-11-11,2.76,2.83,2.75,2.8,372595008.0,1034785792.0
2010-11-12,2.77,2.79,2.68,2.72,537364096.0,1467717504.0
2010-11-15,2.71,2.75,2.68,2.75,296372768.0,801901824.0
2010-11-16,2.73,2.73,2.66,2.67,365620448.0,984648128.0
2010-11-17,2.65,2.69,2.63,2.67,184958224.0,492908128.0
2010-11-18,2.67,2.69,2.66,2.67,171457024.0,457764448.0
2010-11-19,2.68,2.69,2.61,2.68,250148496.0,663721472.0
2010-11-22,2.65,2.66,2.63,2.65,159764464.0,422875200.0
2010-11-23,2.64,2.65,2.59,2.62,192567728.0,502820768.0
2010-11-24,2.61,2.66,2.6,2.64,133059568.0,350644704.0
2010-11-25,2.64,2.68,2.62,2.66,168015664.0,445511232.0
2010-11-26,2.66,2.66,2.62,2.64,150307056.0,395513760.0
2010-11-29,2.62,2.65,2.61,2.63,164297360.0,431283840.0
2010-11-30,2.62,2.64,2.58,2.61,200038896.0,521835840.0
2010-12-01,2.61,2.64,2.59,2.63,113611944.0,296564512.0
2010-12-02,2.64,2.69,2.64,2.68,307260544.0,818634624.0
2010-12-03,2.68,2.68,2.64,2.66,138243472.0,367390880.0
2010-12-06,2.66,2.68,2.64,2.66,135901600.0,361356000.0
2010-12-07,2.65,2.68,2.62,2.66,139717200.0,370037344.0
2010-12-08,2.66,2.67,2.62,2.63,178817248.0,472845184.0
2010-12-09,2.63,2.65,2.61,2.62,126567960.0,331966528.0
2010-12-10,2.61,2.63,2.59,2.63,244077472.0,637472640.0
2010-12-13,2.62,2.66,2.61,2.66,245473120.0,646737728.0
2010-12-14,2.65,2.66,2.63,2.65,157682704.0,417096512.0
2010-12-15,2.65,2.66,2.63,2.64,160781824.0,425025952.0
2010-12-16,2.63,2.64,2.62,2.63,75509800.0,198668864.0
2010-12-17,2.63,2.63,2.61,2.63,82384024.0,215932800.0
2010-12-20,2.63,2.64,2.59,2.61,168332480.0,438968640.0
2010-12-21,2.61,2.66,2.6,2.65,216849248.0,571284672.0
2010-12-22,2.65,2.65,2.62,2.62,98200144.0,258469264.0
2010-12-23,2.62,2.66,2.6,2.63,186599904.0,490913824.0
2010-12-24,2.61,2.65,2.6,2.63,162311648.0,426395904.0
2010-12-27,2.64,2.65,2.6,2.61,150050272.0,393704608.0
2010-12-28,2.6,2.61,2.55,2.56,229639840.0,594633728.0
2010-12-29,2.57,2.59,2.56,2.58,115971712.0,298438336.0
2010-12-30,2.58,2.61,2.56,2.6,215093952.0,554586624.0
2010-12-31,2.6,2.68,2.58,2.68,387689952.0,1022164928.0
2011-01-04,2.66,2.67,2.63,2.67,132367912.0,351364768.0
2011-01-05,2.65,2.67,2.62,2.63,136713376.0,362070944.0
2011-01-06,2.63,2.64,2.61,2.61,114108760.0,299025568.0
2011-01-07,2.6,2.68,2.6,2.65,307153024.0,814806208.0
2011-01-10,2.64,2.66,2.62,2.63,168495568.0,445055264.0
2011-01-11,2.63,2.65,2.61,2.63,147442160.0,388071392.0
2011-01-12,2.64,2.66,2.63,2.66,248191088.0,657342784.0
2011-01-13,2.66,2.68,2.64,2.67,154089600.0,410088384.0
2011-01-14,2.66,2.67,2.64,2.65,108555624.0,287917760.0
2011-01-17,2.63,2.64,2.58,2.59,181175008.0,472577280.0
2011-01-18,2.59,2.61,2.58,2.6,117040496.0,303898144.0
2011-01-19,2.6,2.62,2.59,2.61,116573576.0,303377504.0
2011-01-20,2.61,2.62,2.57,2.58,118323568.0,306775072.0
2011-01-21,2.58,2.64,2.57,2.62,132121576.0,345327520.0
2011-01-24,2.61,2.61,2.58,2.59,128018408.0,332233920.0
2011-01-25,2.59,2.6,2.58,2.6,85809384.0,222379360.0
2011-01-26,2.6,2.61,2.59,2.61,50351660.0,131027784.0
2011-01-27,2.6,2.62,2.58,2.62,140061760.0,363989920.0
2011-01-28,2.61,2.61,2.59,2.61,74271224.0,193194256.0
2011-01-31,2.6,2.62,2.59,2.62,82919776.0,216339392.0
2011-02-01,2.61,2.63,2.6,2.62,83664056.0,218845856.0
2011-02-09,2.61,2.62,2.6,2.6,74017768.0,193027504.0
2011-02-10,2.62,2.62,2.6,2.61,83779256.0,218682800.0
2011-02-11,2.61,2.62,2.6,2.61,151543792.0,394979712.0
2011-02-14,2.61,2.69,2.61,2.68,393967648.0,1044478336.0
2011-02-15,2.67,2.68,2.65,2.66,201988416.0,539440704.0
2011-02-16,2.66,2.67,2.64,2.67,142377232.0,377158432.0
2011-02-17,2.66,2.68,2.65,2.67,96829464.0,257848048.0
2011-02-18,2.66,2.66,2.64,2.65,98643368.0,261419120.0
2011-02-21,2.64,2.65,2.62,2.65,144481936.0,380484896.0
2011-02-22,2.64,2.64,2.59,2.6,263860896.0,688278976.0
2011-02-23,2.6,2.61,2.59,2.6,103394992.0,268385392.0
2011-02-24,2.6,2.61,2.59,2.6,87094736.0,226025952.0
2011-02-25,2.6,2.62,2.59,2.61,86723712.0,225918624.0
2011-02-28,2.61,2.62,2.6,2.61,80204600.0,209170128.0
2011-03-01,2.61,2.63,2.61,2.62,144376288.0,377775424.0
2011-03-03,2.63,2.7,2.62,2.67,552478272.0,1471257216.0
2011-03-04,2.66,2.69,2.66,2.68,223421792.0,597488832.0
2011-03-07,2.68,2.72,2.68,2.7,359118048.0,968748416.0
2011-03-08,2.7,2.71,2.68,2.7,149308016.0,402090848.0
2011-03-09,2.7,2.72,2.68,2.69,178657616.0,482920384.0
2011-03-10,2.69,2.7,2.65,2.66,134664032.0,359229120.0
2011-03-11,2.65,2.67,2.64,2.64,124263504.0,329569088.0
2011-03-14,2.63,2.65,2.62,2.63,135093808.0,355687520.0
2011-03-15,2.63,2.64,2.6,2.63,192229632.0,503268032.0
2011-03-16,2.62,2.65,2.62,2.64,110482208.0,290647680.0
2011-03-17,2.63,2.63,2.61,2.62,123115712.0,322148672.0
2011-03-18,2.63,2.64,2.62,2.63,118883776.0,312711008.0
2011-03-21,2.63,2.65,2.62,2.65,120722288.0,317872128.0
2011-03-22,2.65,2.66,2.63,2.66,154554688.0,409820128.0
2011-03-23,2.65,2.68,2.65,2.67,138797824.0,370386144.0
2011-03-24,2.67,2.68,2.66,2.68,117044656.0,312496256.0
2011-03-25,2.68,2.71,2.67,2.7,310371776.0,836316608.0
2011-03-28,2.71,2.74,2.7,2.72,363428352.0,990547392.0
2011-03-29,2.71,2.78,2.7,2.74,349966912.0,959689728.0
2011-03-30,2.75,2.77,2.72,2.75,237817168.0,653972480.0
2011-03-31,2.75,2.78,2.72,2.76,224126144.0,617135104.0
2011-04-01,2.76,2.8,2.75,2.79,210775008.0,585497216.0
2011-04-06,2.79,2.88,2.78,2.86,591280448.0,1680666112.0
2011-04-07,2.86,2.91,2.84,2.87,339076064.0,976058752.0
2011-04-08,2.86,2.87,2.83,2.86,133550824.0,380314496.0
2011-04-11,2.86,2.9,2.86,2.87,240611104.0,693642560.0
2011-04-12,2.86,2.88,2.84,2.84,133115728.0,380423808.0
2011-04-13,2.83,2.9,2.82,2.9,162740752.0,464399200.0
2011-04-14,2.9,3.0,2.89,2.96,483372800.0,1434704384.0
2011-04-15,2.96,3.0,2.94,2.98,233277072.0,694725952.0
2011-04-18,2.97,3.01,2.95,2.98,252996176.0,755336384.0
2011-04-19,2.96,2.97,2.91,2.91,160453088.0,470493056.0
2011-04-20,2.92,2.95,2.89,2.94,167188624.0,488434304.0
2011-04-21,2.95,2.96,2.91,2.92,170416640.0,499617536.0
2011-04-22,2.92,2.93,2.87,2.88,115207272.0,333473568.0
2011-04-25,2.88,2.91,2.86,2.88,138948720.0,400896608.0
2011-04-26,2.87,2.9,2.86,2.88,111671680.0,321634624.0
2011-04-27,2.89,2.94,2.88,2.9,226640528.0,661362496.0
2011-04-28,2.92,3.01,2.9,2.96,397912096.0,1183250560.0
2011-04-29,2.95,2.96,2.88,2.94,224555632.0,652935488.0
2011-05-03,2.92,2.93,2.89,2.92,110364912.0,321157472.0
2011-05-04,2.9,2.91,2.83,2.86,156344048.0,450222432.0
2011-05-05,2.84,2.94,2.83,2.93,231634240.0,670348608.0
2011-05-06,2.9,2.94,2.88,2.92,137392832.0,401458944.0
2011-05-09,2.92,2.94,2.88,2.89,72581792.0,210632272.0
2011-05-10,2.89,2.93,2.87,2.93,66342608.0,192236736.0
2011-05-11,2.92,2.93,2.89,2.91,68241720.0,198725024.0
2011-05-12,2.9,2.91,2.86,2.88,70266176.0,203040272.0
2011-05-13,2.88,2.91,2.84,2.9,102669664.0,294965664.0
2011-05-16,2.89,2.91,2.86,2.88,106519736.0,307041184.0
2011-05-17,2.88,2.9,2.84,2.89,127319296.0,365756288.0
2011-05-18,2.88,2.93,2.87,2.92,98916088.0,287402016.0
2011-05-19,2.92,2.95,2.91,2.92,89248160.0,261508896.0
2011-05-20,2.92,2.94,2.91,2.93,72741912.0,212983616.0
2011-05-23,2.92,2.93,2.86,2.87,103939624.0,299716928.0
2011-05-24,2.86,2.88,2.84,2.85,104104800.0,297517088.0
2011-05-25,2.85,2.86,2.77,2.78,168256688.0,471437888.0
2011-05-26,2.79,2.82,2.78,2.8,163296896.0,457262240.0
2011-05-27,2.8,2.82,2.77,2.78,128491024.0,359145408.0
2011-05-30,2.77,2.85,2.76,2.84,135059376.0,381157600.0
2011-05-31,2.82,2.85,2.81,2.84,128988240.0,365306912.0
2011-06-01,2.86,2.86,2.82,2.84,132291056.0,375967936.0
2011-06-02,2.81,2.83,2.73,2.77,214605248.0,593849152.0
2011-06-03,2.76,2.81,2.76,2.8,172621504.0,480962880.0
2011-06-07,2.79,2.8,2.76,2.78,98117960.0,272271808.0
2011-06-09,2.76,2.77,2.71,2.73,196066432.0,535193856.0
2011-06-10,2.73,2.75,2.7,2.73,99907000.0,271763424.0
2011-06-13,2.72,2.74,2.69,2.73,107736512.0,291790176.0
2011-06-14,2.72,2.75,2.71,2.73,170790768.0,466514272.0
2011-06-15,2.72,2.73,2.71,2.71,78918736.0,214590864.0
2011-06-16,2.7,2.72,2.69,2.71,105282408.0,284479200.0
2011-06-17,2.67,2.67,2.64,2.64,48619016.0,129117664.0
2011-06-20,2.64,2.65,2.61,2.64,126521064.0,332456032.0
2011-06-21,2.63,2.67,2.63,2.65,103744400.0,274929536.0
2011-06-22,2.65,2.72,2.64,2.7,139957216.0,375587072.0
2011-06-23,2.69,2.73,2.68,2.73,89116032.0,241031104.0
2011-06-24,2.72,2.8,2.71,2.79,168321168.0,466503008.0
2011-06-27,2.79,2.8,2.77,2.8,107279216.0,299312960.0
2011-06-28,2.79,2.8,2.77,2.79,116087488.0,323670432.0
2011-06-29,2.79,2.8,2.76,2.78,142343344.0,395380672.0
2011-06-30,2.77,2.8,2.76,2.8,110024208.0,306652256.0
2011-07-01,2.8,2.81,2.72,2.74,161490016.0,445271808.0
2011-07-04,2.75,2.78,2.73,2.77,133470600.0,367823264.0
2011-07-05,2.77,2.77,2.73,2.74,110641728.0,304055488.0
2011-07-06,2.74,2.74,2.67,2.7,217111712.0,584537152.0
2011-07-07,2.71,2.73,2.65,2.67,285278016.0,763537472.0
2011-07-08,2.68,2.7,2.65,2.69,147643440.0,395555040.0
2011-07-11,2.68,2.7,2.66,2.68,84512600.0,226337072.0
2011-07-12,2.67,2.68,2.63,2.66,192768528.0,510497792.0
2011-07-13,2.67,2.71,2.66,2.71,204725632.0,550570048.0
2011-07-14,2.7,2.71,2.68,2.7,148721824.0,400973568.0
2011-07-15,2.7,2.72,2.67,2.7,168332400.0,454436288.0
2011-07-18,2.7,2.73,2.69,2.73,243729952.0,661308992.0
2011-07-19,2.72,2.73,2.7,2.72,132658656.0,360476288.0
2011-07-20,2.72,2.74,2.7,2.72,129115720.0,350683424.0
2011-07-21,2.71,2.72,2.68,2.71,155456448.0,418908960.0
2011-07-22,2.7,2.71,2.68,2.69,102860416.0,276592928.0
2011-07-25,2.68,2.69,2.63,2.64,134785808.0,358015680.0
2011-07-26,2.64,2.67,2.63,2.65,149280144.0,394957792.0
2011-07-27,2.64,2.66,2.63,2.65,73722264.0,195043840.0
2011-07-28,2.64,2.65,2.63,2.64,58993544.0,155565296.0
2011-07-29,2.64,2.72,2.63,2.68,134114064.0,358571456.0
2011-08-01,2.67,2.7,2.65,2.68,57426464.0,153636352.0
2011-08-02,2.66,2.67,2.64,2.65,33675016.0,89295360.0
2011-08-03,2.64,2.67,2.63,2.67,96388136.0,255751600.0
2011-08-04,2.67,2.67,2.65,2.66,23902908.0,63458064.0
2011-08-05,2.63,2.64,2.61,2.62,83635464.0,219373200.0
2011-08-08,2.61,2.62,2.57,2.58,134383136.0,348849408.0
2011-08-09,2.55,2.59,2.53,2.59,139385360.0,356557920.0
2011-08-10,2.61,2.62,2.57,2.59,131527656.0,342178656.0
2011-08-11,2.55,2.63,2.54,2.62,130443632.0,339673216.0
2011-08-12,2.63,2.63,2.6,2.62,90820760.0,237620016.0
2011-08-15,2.62,2.65,2.59,2.64,144515952.0,379242976.0
2011-08-16,2.64,2.66,2.62,2.63,87528568.0,231019456.0
2011-08-17,2.62,2.65,2.62,2.63,59964976.0,157957168.0
2011-08-18,2.63,2.64,2.58,2.59,82376016.0,214913488.0
2011-08-19,2.55,2.59,2.54,2.57,86512040.0,221871072.0
2011-08-22,2.57,2.59,2.56,2.57,64927424.0,167085424.0
2011-08-23,2.58,2.6,2.56,2.6,49217216.0,127054848.0
2011-08-24,2.6,2.61,2.58,2.58,45265592.0,117625272.0
2011-08-25,2.59,2.66,2.59,2.64,211875664.0,558981696.0
2011-08-26,2.64,2.65,2.6,2.62,134682576.0,353725600.0
2011-08-29,2.61,2.61,2.58,2.6,113925872.0,295869632.0
2011-08-30,2.61,2.64,2.59,2.6,147188368.0,384754528.0
2011-08-31,2.59,2.61,2.58,2.61,89444720.0,232158208.0
2011-09-01,2.6,2.62,2.59,2.6,56096452.0,145877520.0
2011-09-02,2.59,2.6,2.57,2.58,70232784.0,181338704.0
2011-09-05,2.57,2.58,2.55,2.55,115272792.0,295776032.0
2011-09-06,2.55,2.56,2.53,2.56,113208800.0,288070464.0
2011-09-07,2.56,2.59,2.55,2.58,104233256.0,267757392.0
2011-09-08,2.58,2.59,2.57,2.58,53784020.0,138618768.0
2011-09-09,2.58,2.6,2.57,2.58,67459072.0,174213760.0
2011-09-13,2.56,2.58,2.55,2.57,54968840.0,140773344.0
2011-09-14,2.57,2.58,2.53,2.56,113628344.0,289610432.0
2011-09-15,2.55,2.56,2.54,2.54,90680232.0,230868448.0
2011-09-16,2.55,2.56,2.54,2.55,82412912.0,210017696.0
2011-09-19,2.54,2.55,2.51,2.52,94923088.0,239747232.0
2011-09-20,2.52,2.54,2.51,2.53,54731288.0,138046912.0
2011-09-21,2.53,2.58,2.52,2.56,141000544.0,360258048.0
2011-09-22,2.54,2.56,2.51,2.52,102458080.0,258935488.0
2011-09-23,2.5,2.51,2.47,2.51,161772736.0,402610816.0
2011-09-26,2.5,2.51,2.46,2.48,83000208.0,206298048.0
2011-09-27,2.49,2.5,2.46,2.48,94188728.0,233429888.0
2011-09-28,2.49,2.5,2.45,2.47,84269432.0,208091248.0
2011-09-29,2.46,2.47,2.44,2.46,75190040.0,184776224.0
2011-09-30,2.46,2.48,2.44,2.46,130944176.0,322135136.0
2011-10-10,2.45,2.48,2.43,2.47,111113136.0,272211040.0
2011-10-11,2.55,2.58,2.5,2.52,214753056.0,543984000.0
2011-10-12,2.51,2.6,2.5,2.58,299782688.0,768931136.0
2011-10-13,2.57,2.6,2.54,2.59,151881824.0,389246912.0
2011-10-14,2.57,2.61,2.54,2.6,165999872.0,426718912.0
2011-10-17,2.59,2.61,2.58,2.61,129111712.0,335204352.0
2011-10-18,2.58,2.63,2.56,2.62,216712368.0,561545600.0
2011-10-19,2.6,2.61,2.59,2.59,77799168.0,202397760.0
2011-10-20,2.58,2.59,2.54,2.55,75762720.0,194318032.0
2011-10-21,2.56,2.59,2.54,2.58,76512112.0,196758848.0
2011-10-24,2.58,2.65,2.58,2.63,179725152.0,470987872.0
2011-10-25,2.63,2.67,2.62,2.66,142416912.0,377086080.0
2011-10-26,2.65,2.69,2.64,2.65,143202896.0,381972544.0
2011-10-27,2.66,2.68,2.65,2.68,96478616.0,257687216.0
2011-10-28,2.69,2.72,2.67,2.68,188242368.0,507374880.0
2011-10-31,2.68,2.7,2.67,2.68,95929904.0,257103696.0
2011-11-01,2.66,2.69,2.64,2.67,94303176.0,251323568.0
2011-11-02,2.64,2.68,2.63,2.68,86583328.0,229497104.0
2011-11-03,2.68,2.68,2.65,2.66,168736544.0,449649760.0
2011-11-04,2.67,2.68,2.65,2.67,123715704.0,329377504.0
2011-11-07,2.66,2.67,2.63,2.64,57665748.0,152757008.0
2011-11-08,2.64,2.65,2.62,2.64,69175904.0,182232816.0
2011-11-09,2.64,2.67,2.63,2.66,90277224.0,238965040.0
2011-11-10,2.64,2.65,2.62,2.63,71983592.0,189202816.0
2011-11-11,2.62,2.65,2.62,2.65,48040028.0,126538360.0
2011-11-14,2.65,2.68,2.64,2.66,93231496.0,248127808.0
2011-11-15,2.66,2.66,2.62,2.64,62708012.0,165232240.0
2011-11-16,2.64,2.64,2.58,2.59,73819136.0,192623328.0
2011-11-17,2.59,2.6,2.58,2.59,32704232.0,84691040.0
2011-11-18,2.58,2.59,2.55,2.55,50680352.0,130042200.0
2011-11-21,2.56,2.56,2.53,2.54,28932644.0,73492392.0
2011-11-22,2.53,2.55,2.52,2.54,31302508.0,79482392.0
2011-11-23,2.55,2.56,2.53,2.56,48604368.0,123468072.0
2011-11-24,2.54,2.58,2.53,2.57,47586260.0,121835760.0
2011-11-25,2.56,2.57,2.53,2.54,27175680.0,69178512.0
2011-11-28,2.53,2.56,2.53,2.55,24454148.0,62251080.0
2011-11-29,2.56,2.58,2.55,2.57,41291476.0,105813704.0
2011-11-30,2.57,2.58,2.53,2.54,68929752.0,176132144.0
2011-12-01,2.58,2.63,2.56,2.6,115558320.0,299696320.0
2011-12-02,2.58,2.59,2.55,2.58,44245056.0,113682072.0
2011-12-05,2.58,2.6,2.57,2.6,67092920.0,173882800.0
2011-12-06,2.59,2.6,2.55,2.56,46944500.0,120574304.0
2011-12-07,2.55,2.58,2.55,2.57,26414722.0,67834128.0
2011-12-08,2.57,2.59,2.55,2.58,40819536.0,105039176.0
2011-12-09,2.57,2.6,2.57,2.59,43889360.0,113578680.0
2011-12-12,2.59,2.6,2.57,2.57,23646340.0,61025040.0
2011-12-13,2.57,2.59,2.53,2.54,72010616.0,185134832.0
2011-12-14,2.54,2.55,2.52,2.54,31752090.0,80564936.0
2011-12-15,2.54,2.55,2.51,2.53,44753624.0,113002312.0
2011-12-16,2.52,2.58,2.51,2.57,98782104.0,251193232.0
2011-12-19,2.55,2.57,2.52,2.56,77553656.0,197608800.0
2011-12-20,2.56,2.59,2.55,2.58,57551864.0,147816912.0
2011-12-21,2.58,2.61,2.57,2.6,110575176.0,286884032.0
2011-12-22,2.59,2.62,2.58,2.6,127337872.0,330566336.0
2011-12-23,2.59,2.61,2.58,2.58,75772728.0,196594512.0
2011-12-26,2.58,2.59,2.57,2.58,44124220.0,113750448.0
2011-12-27,2.58,2.6,2.57,2.59,49399180.0,127537992.0
2011-12-28,2.58,2.59,2.55,2.59,77180216.0,198844256.0
2011-12-29,2.58,2.6,2.57,2.6,47704608.0,123674976.0
2011-12-30,2.6,2.62,2.59,2.62,101892064.0,265189584.0
2012-01-04,2.62,2.63,2.59,2.6,79900880.0,208896544.0
2012-01-05,2.6,2.66,2.6,2.65,143180848.0,378868160.0
2012-01-06,2.64,2.67,2.64,2.66,79769712.0,211840160.0
2012-01-09,2.65,2.68,2.63,2.68,89918280.0,239344896.0
2012-01-10,2.67,2.7,2.66,2.69,87197728.0,233754704.0
2012-01-11,2.69,2.7,2.67,2.67,76799624.0,206008080.0
2012-01-12,2.67,2.68,2.65,2.65,93682232.0,249596592.0
2012-01-13,2.65,2.66,2.64,2.65,69265136.0,183878400.0
2012-01-17,2.65,2.7,2.64,2.69,122383768.0,326730912.0
2012-01-18,2.69,2.7,2.66,2.69,126405640.0,339461952.0
2012-01-19,2.69,2.71,2.68,2.7,94004672.0,253916832.0
2012-01-20,2.71,2.73,2.69,2.72,152252176.0,412517344.0
2012-01-30,2.73,2.73,2.67,2.68,116110752.0,312947744.0
2012-01-31,2.69,2.7,2.67,2.7,108784368.0,291857152.0
2012-02-01,2.69,2.71,2.68,2.68,68407520.0,184259152.0
2012-02-02,2.69,2.73,2.68,2.73,109422768.0,296519840.0
2012-02-03,2.73,2.76,2.72,2.75,131592824.0,360612320.0
2012-02-06,2.75,2.76,2.73,2.75,65516664.0,179869824.0
2012-02-07,2.74,2.75,2.71,2.72,54997160.0,149949696.0
2012-02-08,2.72,2.77,2.71,2.75,72550672.0,199172576.0
2012-02-09,2.75,2.76,2.72,2.73,51126616.0,139719168.0
2012-02-10,2.72,2.75,2.71,2.72,82018896.0,223715728.0
2012-02-13,2.71,2.72,2.7,2.71,60565216.0,164014640.0
2012-02-14,2.71,2.71,2.69,2.7,57386848.0,154930016.0
2012-02-15,2.7,2.72,2.7,2.7,71977360.0,194801008.0
2012-02-16,2.7,2.71,2.69,2.69,55656640.0,150089120.0
2012-02-17,2.7,2.71,2.69,2.7,41841836.0,113204496.0
2012-02-20,2.73,2.74,2.71,2.72,79268544.0,216279248.0
2012-02-21,2.72,2.73,2.71,2.72,33052260.0,89963696.0
2012-02-22,2.72,2.73,2.7,2.72,80748312.0,218980192.0
2012-02-23,2.72,2.72,2.71,2.71,59718984.0,162052720.0
2012-02-24,2.71,2.74,2.7,2.74,127666832.0,347006528.0
2012-02-27,2.74,2.75,2.72,2.74,148939344.0,407709728.0
2012-02-28,2.73,2.76,2.73,2.76,112472640.0,309419808.0
2012-02-29,2.75,2.76,2.73,2.75,59775488.0,164003936.0
2012-03-01,2.74,2.75,2.73,2.74,35428076.0,97169680.0
2012-03-02,2.74,2.75,2.73,2.74,74282560.0,203751216.0
2012-03-05,2.75,2.75,2.72,2.73,108813408.0,297624960.0
2012-03-06,2.73,2.74,2.7,2.71,75021592.0,203736496.0
2012-03-07,2.7,2.71,2.68,2.69,86397072.0,232791568.0
2012-03-08,2.69,2.72,2.69,2.71,77402384.0,209339600.0
2012-03-09,2.71,2.72,2.69,2.71,89240712.0,241321744.0
2012-03-12,2.7,2.71,2.69,2.7,76810304.0,206918304.0
2012-03-13,2.71,2.72,2.69,2.71,69344544.0,187976928.0
2012-03-14,2.72,2.74,2.7,2.7,157718960.0,428756704.0
2012-03-15,2.7,2.72,2.66,2.67,230373280.0,621654464.0
2012-03-16,2.67,2.68,2.66,2.68,119618888.0,319721280.0
2012-03-19,2.67,2.68,2.64,2.65,133559680.0,354730848.0
2012-03-20,2.65,2.66,2.62,2.62,129373952.0,340791936.0
2012-03-21,2.63,2.64,2.61,2.62,135760400.0,355773440.0
2012-03-22,2.62,2.65,2.62,2.65,169436624.0,446258720.0
2012-03-23,2.65,2.66,2.63,2.64,109588920.0,289625216.0
2012-03-26,2.64,2.66,2.64,2.66,99912904.0,264515984.0
2012-03-27,2.66,2.66,2.65,2.65,68922576.0,182779360.0
2012-03-28,2.65,2.67,2.65,2.65,95292176.0,253326960.0
2012-03-29,2.65,2.66,2.64,2.65,81570080.0,215946448.0
2012-03-30,2.64,2.68,2.64,2.68,96216184.0,255435904.0
2012-04-05,2.66,2.67,2.63,2.65,140306192.0,371017408.0
2012-04-06,2.65,2.66,2.63,2.64,44463976.0,117426056.0
2012-04-09,2.63,2.65,2.63,2.63,25765500.0,67821832.0
2012-04-10,2.63,2.65,2.63,2.64,33085724.0,87320152.0
2012-04-11,2.64,2.66,2.63,2.64,73589256.0,194501600.0
2012-04-12,2.64,2.68,2.64,2.68,90991520.0,242298720.0
2012-04-13,2.67,2.69,2.67,2.68,62169652.0,166614384.0
2012-04-16,2.67,2.68,2.66,2.66,49999476.0,133489640.0
2012-04-17,2.66,2.68,2.66,2.68,52758440.0,140902304.0
2012-04-18,2.68,2.72,2.67,2.71,108941296.0,294550400.0
2012-04-19,2.7,2.72,2.7,2.71,59553640.0,161329936.0
2012-04-20,2.71,2.74,2.7,2.73,78028688.0,212170224.0
2012-04-23,2.73,2.73,2.71,2.71,47812200.0,130024696.0
2012-04-24,2.72,2.75,2.71,2.74,91645536.0,250534976.0
2012-04-25,2.73,2.74,2.72,2.74,47160128.0,128911232.0
2012-04-26,2.73,2.75,2.72,2.73,48934620.0,133423552.0
2012-04-27,2.73,2.74,2.72,2.72,53652240.0,146129872.0
2012-05-02,2.74,2.74,2.72,2.73,124189592.0,339059872.0
2012-05-03,2.73,2.73,2.71,2.73,61399868.0,167023360.0
2012-05-04,2.73,2.75,2.72,2.73,99328056.0,271352832.0
2012-05-07,2.73,2.74,2.72,2.73,81140968.0,221749632.0
2012-05-08,2.73,2.76,2.72,2.76,104131456.0,285364288.0
2012-05-09,2.75,2.75,2.72,2.72,75335040.0,205883952.0
2012-05-10,2.73,2.75,2.72,2.74,55757364.0,152488400.0
2012-05-11,2.73,2.75,2.72,2.73,65724988.0,179590000.0
2012-05-14,2.73,2.73,2.68,2.69,79791976.0,215838832.0
2012-05-15,2.69,2.7,2.67,2.69,64827768.0,173923088.0
2012-05-16,2.69,2.7,2.66,2.67,73893488.0,197565248.0
2012-05-17,2.67,2.71,2.66,2.7,56869820.0,152741024.0
2012-05-18,2.68,2.69,2.64,2.65,86998192.0,231640352.0
2012-05-21,2.67,2.67,2.64,2.65,60731200.0,161301120.0
2012-05-22,2.66,2.66,2.65,2.66,35815032.0,95100416.0
2012-05-23,2.66,2.67,2.65,2.65,26776548.0,71126864.0
2012-05-24,2.65,2.66,2.64,2.65,35709596.0,94628320.0
2012-05-25,2.65,2.66,2.64,2.64,30339232.0,80460664.0
2012-05-28,2.65,2.67,2.65,2.66,59969288.0,159273504.0
2012-05-29,2.66,2.69,2.65,2.69,56048992.0,149678912.0
2012-05-30,2.68,2.69,2.67,2.69,52553200.0,140802336.0
2012-05-31,2.67,2.68,2.64,2.64,74093488.0,196877216.0
2012-06-01,2.65,2.67,2.65,2.65,38416576.0,102195304.0
2012-06-04,2.65,2.66,2.61,2.61,72754088.0,191653552.0
2012-06-05,2.62,2.63,2.61,2.62,37305088.0,97795432.0
2012-06-06,2.63,2.64,2.62,2.64,28350648.0,74669768.0
2012-06-07,2.64,2.65,2.62,2.63,36282796.0,95696112.0
2012-06-11,2.62,2.63,2.61,2.62,101420992.0,265645488.0
2012-06-12,2.62,2.62,2.6,2.61,57605536.0,150400656.0
2012-06-13,2.62,2.63,2.61,2.62,76652216.0,200400560.0
2012-06-14,2.62,2.63,2.6,2.62,64759304.0,169062848.0
2012-06-15,2.62,2.67,2.61,2.65,92104704.0,243480352.0
2012-06-18,2.66,2.67,2.65,2.67,51567768.0,137480256.0
2012-06-19,2.67,2.68,2.65,2.67,62349032.0,166439600.0
2012-06-20,2.57,2.57,2.54,2.55,45339876.0,115849368.0
2012-06-21,2.55,2.56,2.53,2.54,73693712.0,187559376.0
2012-06-25,2.54,2.56,2.53,2.54,52361848.0,133621928.0
2012-06-26,2.54,2.56,2.54,2.55,35417864.0,90227072.0
2012-06-27,2.55,2.56,2.54,2.56,37428908.0,95468928.0
2012-06-28,2.56,2.57,2.55,2.55,36529432.0,93616960.0
2012-06-29,2.55,2.59,2.55,2.59,66279120.0,170797984.0
2012-07-02,2.58,2.59,2.57,2.58,50291952.0,129756120.0
2012-07-03,2.58,2.59,2.57,2.57,29959284.0,77208384.0
2012-07-04,2.57,2.58,2.56,2.57,36893152.0,94729544.0
2012-07-05,2.56,2.57,2.56,2.57,35687036.0,91615912.0
2012-07-06,2.55,2.56,2.54,2.55,33654472.0,85901120.0
2012-07-09,2.55,2.57,2.5,2.51,77200224.0,196074048.0
2012-07-10,2.51,2.52,2.49,2.5,45583100.0,114142760.0
2012-07-11,2.5,2.51,2.47,2.48,50195772.0,124921512.0
2012-07-12,2.48,2.49,2.45,2.46,77542200.0,191233984.0
2012-07-13,2.46,2.48,2.46,2.47,35168220.0,86780168.0
2012-07-16,2.48,2.48,2.46,2.48,60706404.0,150161728.0
2012-07-17,2.48,2.5,2.47,2.49,44781616.0,111298216.0
2012-07-18,2.5,2.51,2.48,2.49,37963584.0,94859776.0
2012-07-19,2.5,2.51,2.49,2.49,31775166.0,79383848.0
2012-07-20,2.49,2.5,2.47,2.49,29811444.0,74093528.0
2012-07-23,2.48,2.49,2.45,2.46,34312904.0,84743016.0
2012-07-24,2.47,2.47,2.44,2.44,42578452.0,104499624.0
2012-07-25,2.44,2.46,2.44,2.45,21008248.0,51371212.0
2012-07-26,2.44,2.46,2.44,2.45,24477788.0,60068584.0
2012-07-27,2.46,2.49,2.45,2.48,39118736.0,96730216.0
2012-07-30,2.48,2.51,2.47,2.49,42110056.0,105079696.0
2012-07-31,2.5,2.52,2.49,2.52,41806792.0,104970952.0
2012-08-01,2.51,2.52,2.5,2.5,29344716.0,73745456.0
2012-08-02,2.5,2.52,2.5,2.51,23973558.0,60150164.0
2012-08-03,2.51,2.53,2.51,2.52,22008294.0,55523392.0
2012-08-06,2.52,2.53,2.5,2.5,41906372.0,105235856.0
2012-08-07,2.51,2.52,2.5,2.5,30272212.0,75807272.0
2012-08-08,2.5,2.53,2.5,2.51,48305564.0,121856672.0
2012-08-09,2.51,2.53,2.51,2.53,34423184.0,86869968.0
2012-08-10,2.53,2.54,2.52,2.53,31022692.0,78647176.0
2012-08-13,2.52,2.54,2.52,2.53,44744664.0,113574336.0
2012-08-14,2.53,2.55,2.53,2.54,66267072.0,168674464.0
2012-08-15,2.54,2.55,2.51,2.51,34835796.0,88009992.0
2012-08-16,2.51,2.53,2.51,2.52,14674016.0,36929576.0
2012-08-17,2.52,2.53,2.5,2.51,39085932.0,98199512.0
2012-08-20,2.5,2.52,2.48,2.5,30300170.0,75585704.0
2012-08-21,2.49,2.5,2.48,2.48,53374096.0,132665120.0
2012-08-22,2.48,2.49,2.47,2.49,39645032.0,98186312.0
2012-08-23,2.48,2.49,2.47,2.48,55291012.0,137063632.0
2012-08-24,2.48,2.48,2.47,2.48,49099640.0,121555024.0
2012-08-27,2.47,2.5,2.47,2.49,53157116.0,132158664.0
2012-08-28,2.49,2.51,2.48,2.49,30847824.0,77043992.0
2012-08-29,2.5,2.51,2.48,2.5,20337364.0,50627680.0
2012-08-30,2.48,2.5,2.48,2.49,62700580.0,156143456.0
2012-08-31,2.49,2.49,2.47,2.48,41167560.0,102074504.0
2012-09-03,2.47,2.48,2.45,2.45,49676140.0,122287488.0
2012-09-04,2.45,2.46,2.44,2.45,46764248.0,114482280.0
2012-09-05,2.45,2.45,2.41,2.42,66445984.0,161032496.0
2012-09-06,2.42,2.43,2.41,2.43,35686776.0,86172928.0
2012-09-07,2.43,2.5,2.42,2.49,141317728.0,348722912.0
2012-09-10,2.48,2.49,2.46,2.48,56756852.0,140452240.0
2012-09-11,2.47,2.47,2.44,2.47,38935764.0,95517168.0
2012-09-12,2.47,2.48,2.44,2.46,40304760.0,98985512.0
2012-09-13,2.45,2.47,2.44,2.45,30664298.0,75332416.0
2012-09-14,2.46,2.49,2.45,2.48,62367160.0,154088048.0
2012-09-17,2.47,2.49,2.45,2.46,52193168.0,128960176.0
2012-09-18,2.46,2.46,2.44,2.44,27545156.0,67379736.0
2012-09-19,2.44,2.45,2.42,2.44,56159664.0,136685488.0
2012-09-20,2.42,2.44,2.41,2.43,54102912.0,131155720.0
2012-09-21,2.42,2.43,2.41,2.41,62289792.0,150625248.0
2012-09-24,2.41,2.42,2.4,2.41,58130944.0,140051216.0
2012-09-25,2.41,2.42,2.4,2.41,22952188.0,55224984.0
2012-09-26,2.4,2.41,2.38,2.4,35919504.0,86034432.0
2012-09-27,2.39,2.46,2.39,2.45,89659984.0,218146512.0
2012-09-28,2.43,2.47,2.43,2.46,72986064.0,178359952.0
2012-10-08,2.45,2.47,2.44,2.47,45962504.0,112792488.0
2012-10-09,2.47,2.51,2.46,2.49,74725680.0,186064576.0
2012-10-10,2.49,2.49,2.46,2.48,44281336.0,109675024.0
2012-10-11,2.48,2.5,2.46,2.49,48436140.0,119885064.0
2012-10-12,2.49,2.52,2.49,2.5,62289692.0,156021008.0
2012-10-15,2.5,2.52,2.49,2.51,42645468.0,106985960.0
2012-10-16,2.51,2.52,2.49,2.5,31706070.0,79218752.0
2012-10-17,2.5,2.52,2.5,2.51,35832284.0,89947664.0
2012-10-18,2.52,2.53,2.5,2.51,62636076.0,157733392.0
2012-10-19,2.51,2.52,2.5,2.52,48359776.0,121613024.0
2012-10-22,2.51,2.53,2.5,2.52,39921768.0,100669472.0
2012-10-23,2.52,2.53,2.51,2.51,20417420.0,51423392.0
2012-10-24,2.51,2.52,2.5,2.51,28275592.0,70945336.0
2012-10-25,2.5,2.52,2.49,2.5,30565002.0,76598304.0
2012-10-26,2.5,2.52,2.46,2.47,41716092.0,103694016.0
2012-10-29,2.48,2.48,2.46,2.47,32231244.0,79662800.0
2012-10-30,2.47,2.49,2.46,2.48,46823372.0,115817760.0
2012-10-31,2.48,2.51,2.47,2.5,34747620.0,86516208.0
2012-11-01,2.5,2.54,2.5,2.53,72312784.0,182520992.0
2012-11-02,2.53,2.57,2.52,2.55,88186664.0,224221696.0
2012-11-05,2.55,2.57,2.53,2.56,48054404.0,122566472.0
2012-11-06,2.56,2.57,2.53,2.57,66408068.0,169617248.0
2012-11-07,2.56,2.58,2.55,2.57,34792580.0,89354328.0
2012-11-08,2.56,2.58,2.53,2.57,51590736.0,131693312.0
2012-11-09,2.56,2.58,2.55,2.58,65293172.0,167540432.0
2012-11-12,2.56,2.59,2.56,2.58,74618336.0,192478912.0
2012-11-13,2.58,2.58,2.55,2.57,74274016.0,190646336.0
2012-11-14,2.57,2.6,2.56,2.58,71584576.0,184864272.0
2012-11-15,2.57,2.6,2.56,2.58,62201524.0,160295808.0
2012-11-16,2.57,2.58,2.53,2.58,76516208.0,195627984.0
2012-11-19,2.56,2.58,2.54,2.56,39947496.0,102256024.0
2012-11-20,2.56,2.57,2.54,2.57,33755716.0,86347928.0
2012-11-21,2.56,2.59,2.56,2.58,38529844.0,99283080.0
2012-11-22,2.58,2.59,2.57,2.58,26906430.0,69414376.0
2012-11-23,2.59,2.6,2.57,2.58,56000388.0,144810928.0
2012-11-26,2.57,2.61,2.56,2.61,49269456.0,127556736.0
2012-11-27,2.6,2.62,2.59,2.61,54074588.0,141082208.0
2012-11-28,2.61,2.64,2.6,2.64,78748552.0,206354720.0
2012-11-29,2.64,2.65,2.62,2.64,66760892.0,176335008.0
2012-11-30,2.63,2.65,2.6,2.6,51548024.0,135805296.0
2012-12-03,2.6,2.62,2.58,2.61,44719672.0,115975128.0
2012-12-04,2.6,2.61,2.58,2.58,58950080.0,153184544.0
2012-12-05,2.59,2.64,2.58,2.62,128807896.0,336307072.0
2012-12-06,2.62,2.63,2.6,2.62,77340560.0,202659776.0
2012-12-07,2.62,2.65,2.61,2.62,194680416.0,511144128.0
2012-12-10,2.63,2.67,2.62,2.67,144023792.0,380876448.0
2012-12-11,2.65,2.69,2.65,2.67,75300464.0,201508496.0
2012-12-12,2.67,2.69,2.66,2.68,93613904.0,250756176.0
2012-12-13,2.68,2.69,2.66,2.68,61081372.0,163479456.0
2012-12-14,2.68,2.8,2.68,2.79,191904256.0,530947584.0
2012-12-17,2.78,2.8,2.72,2.74,158831872.0,437070944.0
2012-12-18,2.73,2.79,2.71,2.77,191191088.0,526175296.0
2012-12-19,2.76,2.78,2.73,2.75,99547088.0,274450528.0
2012-12-20,2.75,2.76,2.72,2.74,60827696.0,166533264.0
2012-12-21,2.74,2.76,2.7,2.71,112759696.0,307656224.0
2012-12-24,2.72,2.75,2.71,2.73,54838548.0,149796000.0
2012-12-25,2.73,2.83,2.72,2.8,143619824.0,400844192.0
2012-12-26,2.8,2.8,2.75,2.77,107126544.0,296052384.0
2012-12-27,2.76,2.78,2.73,2.74,109688216.0,301428736.0
2012-12-28,2.74,2.78,2.73,2.76,165537696.0,455348640.0
2012-12-31,2.76,2.81,2.75,2.8,178108656.0,495313792.0
2013-01-04,2.83,2.9,2.8,2.89,368017248.0,1055235904.0
2013-01-07,2.88,2.9,2.86,2.87,139115904.0,400317184.0
2013-01-08,2.88,2.89,2.82,2.84,103867376.0,295654592.0
2013-01-09,2.84,2.85,2.8,2.82,101774320.0,287554368.0
2013-01-10,2.82,2.83,2.81,2.82,124676464.0,351421856.0
2013-01-11,2.82,2.82,2.77,2.79,98337576.0,274844032.0
2013-01-14,2.78,2.87,2.77,2.84,201038832.0,567769088.0
2013-01-15,2.84,2.86,2.82,2.84,181549520.0,513996576.0
2013-01-16,2.83,2.83,2.76,2.78,147653424.0,411938304.0
2013-01-17,2.78,2.78,2.75,2.77,83781232.0,231529888.0
2013-01-18,2.78,2.82,2.77,2.8,93251280.0,260399008.0
2013-01-21,2.81,2.81,2.76,2.78,149396640.0,414922816.0
2013-01-22,2.77,2.88,2.76,2.81,300367072.0,844795008.0
2013-01-23,2.81,2.84,2.79,2.83,231953808.0,653407424.0
2013-01-24,2.83,2.91,2.82,2.86,424746560.0,1217478144.0
2013-01-25,2.85,2.86,2.8,2.82,181620528.0,514305856.0
2013-01-28,2.82,2.92,2.81,2.91,390946976.0,1124930176.0
2013-01-29,2.9,2.93,2.88,2.91,313601952.0,908397248.0
2013-01-30,2.92,3.02,2.91,3.01,558564736.0,1661433088.0
2013-01-31,3.02,3.11,3.01,3.08,502788896.0,1542566144.0
2013-02-01,3.07,3.15,3.04,3.14,388129248.0,1202759168.0
2013-02-04,3.14,3.28,3.13,3.23,501872992.0,1614986624.0
2013-02-05,3.2,3.22,3.15,3.19,343187360.0,1093831040.0
2013-02-06,3.19,3.24,3.16,3.2,233170784.0,745610496.0
2013-02-07,3.19,3.21,3.08,3.14,315462016.0,990458048.0
2013-02-08,3.13,3.16,3.09,3.1,233158704.0,725853056.0
2013-02-18,3.12,3.17,3.08,3.09,253638928.0,794786176.0
2013-02-19,3.09,3.11,3.04,3.07,153695984.0,471430368.0
2013-02-20,3.07,3.09,3.01,3.05,182687904.0,555142912.0
2013-02-21,3.03,3.04,2.9,2.95,304538784.0,899360832.0
2013-02-22,2.94,2.94,2.88,2.91,140840000.0,410501280.0
2013-02-25,2.9,2.95,2.88,2.9,113446560.0,330343072.0
2013-02-26,2.89,2.98,2.86,2.87,210810752.0,618109120.0
2013-02-27,2.88,2.95,2.87,2.93,182134512.0,530276576.0
2013-02-28,2.94,3.02,2.91,3.0,224303296.0,666391232.0
2013-03-01,3.0,3.01,2.9,2.95,143711216.0,425484928.0
2013-03-04,2.89,2.95,2.8,2.85,252133392.0,722470528.0
2013-03-05,2.85,3.01,2.84,2.97,284866656.0,828992128.0
2013-03-06,2.97,2.98,2.91,2.94,198033008.0,582177856.0
2013-03-07,2.92,2.93,2.85,2.87,151992960.0,439762752.0
2013-03-08,2.88,2.91,2.85,2.87,106002984.0,304208704.0
2013-03-11,2.86,2.87,2.82,2.85,113421952.0,322332160.0
2013-03-12,2.84,2.88,2.8,2.82,147414032.0,418276928.0
2013-03-13,2.81,2.84,2.77,2.8,137056848.0,383820672.0
2013-03-14,2.79,2.84,2.78,2.84,125330024.0,352081408.0
2013-03-15,2.84,2.89,2.8,2.87,197468496.0,564087616.0
2013-03-18,2.85,2.86,2.8,2.8,122096976.0,344937120.0
2013-03-19,2.81,2.83,2.79,2.81,115664744.0,324261824.0
2013-03-20,2.81,2.91,2.81,2.89,217933888.0,626229120.0
2013-03-21,2.89,2.91,2.86,2.88,94853936.0,273727264.0
2013-03-22,2.88,2.89,2.86,2.88,63032304.0,181191424.0
2013-03-25,2.89,2.92,2.89,2.9,73721208.0,213916272.0
2013-03-26,2.89,2.9,2.83,2.86,107099864.0,306508672.0
2013-03-27,2.87,2.89,2.81,2.82,174173088.0,495851424.0
2013-03-28,2.8,2.8,2.64,2.7,396446240.0,1067750976.0
2013-03-29,2.7,2.72,2.69,2.7,90165200.0,244257088.0
2013-04-01,2.69,2.71,2.68,2.68,83033784.0,223222000.0
2013-04-02,2.68,2.71,2.67,2.69,86506216.0,232918336.0
2013-04-03,2.71,2.76,2.7,2.73,129304480.0,352956672.0
2013-04-08,2.7,2.72,2.69,2.71,100115776.0,270890528.0
2013-04-09,2.72,2.74,2.72,2.72,84066400.0,229251040.0
2013-04-10,2.72,2.73,2.71,2.71,74964120.0,203995568.0
2013-04-11,2.73,2.74,2.69,2.7,62444116.0,169528496.0
2013-04-12,2.71,2.72,2.7,2.71,48095716.0,130242384.0
2013-04-15,2.72,2.73,2.71,2.72,98561688.0,268210992.0
2013-04-16,2.72,2.73,2.7,2.71,64064772.0,173837536.0
2013-04-17,2.72,2.72,2.68,2.69,71236872.0,191983584.0
2013-04-18,2.68,2.7,2.67,2.69,59191016.0,159070032.0
2013-04-19,2.7,2.76,2.69,2.74,128326072.0,350434880.0
2013-04-22,2.74,2.75,2.72,2.73,70838480.0,193668912.0
2013-04-23,2.73,2.74,2.68,2.69,75154024.0,202884864.0
2013-04-24,2.69,2.74,2.68,2.74,114833392.0,312241664.0
2013-04-25,2.74,2.74,2.69,2.71,116132264.0,314680480.0
2013-04-26,2.72,2.72,2.68,2.69,98526496.0,265189440.0
2013-05-02,2.69,2.71,2.66,2.7,116326000.0,311891200.0
2013-05-03,2.7,2.74,2.7,2.72,104708760.0,285196832.0
2013-05-06,2.72,2.75,2.71,2.72,90823088.0,247971808.0
2013-05-07,2.72,2.74,2.72,2.73,63628732.0,173651104.0
2013-05-08,2.74,2.76,2.73,2.75,85803032.0,235798432.0
2013-05-09,2.75,2.76,2.73,2.74,59961272.0,164517792.0
2013-05-10,2.74,2.76,2.72,2.74,102102392.0,279260864.0
2013-05-13,2.74,2.74,2.71,2.73,68128352.0,185628256.0
2013-05-14,2.72,2.73,2.69,2.7,83140144.0,225070256.0
2013-05-15,2.71,2.71,2.69,2.71,26566646.0,71793424.0
2013-05-16,2.7,2.73,2.69,2.72,74500584.0,202233264.0
2013-05-17,2.72,2.76,2.71,2.75,166120256.0,454307584.0
2013-05-20,2.76,2.8,2.75,2.76,112160848.0,311214688.0
2013-05-21,2.76,2.78,2.75,2.76,69171976.0,190779824.0
2013-05-22,2.76,2.78,2.74,2.76,60604012.0,167257984.0
2013-05-23,2.75,2.76,2.71,2.73,109718456.0,299669280.0
2013-05-24,2.73,2.74,2.71,2.73,95862456.0,261342048.0
2013-05-27,2.72,2.73,2.71,2.72,87805768.0,238780720.0
2013-05-28,2.71,2.75,2.71,2.74,155911472.0,424869440.0
2013-05-29,2.75,2.76,2.73,2.74,135766496.0,372133632.0
2013-05-30,2.73,2.75,2.73,2.73,127680504.0,349311904.0
2013-05-31,2.73,2.75,2.73,2.73,83002608.0,227337328.0
2013-06-03,2.73,2.75,2.72,2.74,109532024.0,300406336.0
2013-06-04,2.74,2.75,2.73,2.73,109128880.0,298943840.0
2013-06-05,2.73,2.75,2.73,2.74,96319280.0,263784976.0
2013-06-06,2.74,2.75,2.72,2.72,70882304.0,193927280.0
2013-06-07,2.73,2.74,2.7,2.7,73833496.0,200550112.0
2013-06-13,2.69,2.7,2.65,2.69,167106848.0,445669376.0
2013-06-14,2.68,2.72,2.67,2.71,127995520.0,344050848.0
2013-06-17,2.71,2.72,2.67,2.67,75311072.0,202839184.0
2013-06-18,2.7,2.71,2.67,2.69,66292716.0,178215904.0
2013-06-19,2.69,2.7,2.66,2.67,57537476.0,153832192.0
2013-06-20,2.67,2.67,2.59,2.6,117388576.0,307844160.0
2013-06-21,2.59,2.61,2.56,2.57,97462496.0,251967504.0
2013-06-24,2.57,2.58,2.47,2.48,174631472.0,436416736.0
2013-06-25,2.47,2.54,2.43,2.51,180370688.0,446450048.0
2013-06-26,2.52,2.53,2.47,2.52,156376944.0,390549312.0
2013-06-27,2.52,2.59,2.51,2.56,189908192.0,484874272.0
2013-06-28,2.43,2.48,2.38,2.46,215581056.0,525116512.0
2013-07-01,2.45,2.5,2.41,2.49,123624056.0,303264672.0
2013-07-02,2.49,2.53,2.47,2.5,124937304.0,311567424.0
2013-07-03,2.5,2.5,2.44,2.47,111485856.0,274387808.0
2013-07-04,2.45,2.49,2.45,2.47,67818768.0,167596208.0
2013-07-05,2.48,2.48,2.47,2.48,35214164.0,87140032.0
2013-07-08,2.47,2.49,2.45,2.49,83033736.0,205588304.0
2013-07-09,2.48,2.51,2.47,2.49,52090540.0,129861136.0
2013-07-10,2.49,2.52,2.48,2.51,73986952.0,185032112.0
2013-07-11,2.51,2.61,2.5,2.57,126513664.0,323263936.0
2013-07-12,2.56,2.57,2.51,2.51,124340936.0,316190240.0
2013-07-15,2.52,2.55,2.5,2.52,103686288.0,261112192.0
2013-07-16,2.5,2.54,2.49,2.53,82071864.0,206333472.0
2013-07-17,2.52,2.57,2.52,2.54,68861488.0,175598672.0
2013-07-18,2.54,2.56,2.51,2.52,81118256.0,205767728.0
2013-07-19,2.53,2.56,2.51,2.52,80342456.0,203265920.0
2013-07-22,2.5,2.53,2.49,2.52,78505680.0,197446096.0
2013-07-23,2.53,2.55,2.51,2.53,79473008.0,201591232.0
2013-07-24,2.53,2.54,2.5,2.52,77398048.0,194974704.0
2013-07-25,2.53,2.54,2.51,2.51,58800876.0,148111472.0
2013-07-26,2.51,2.52,2.48,2.48,58016460.0,145019968.0
2013-07-29,2.48,2.48,2.42,2.44,66468868.0,162960944.0
2013-07-30,2.45,2.49,2.43,2.45,79840704.0,196396896.0
2013-07-31,2.47,2.48,2.44,2.45,41718736.0,102439392.0
2013-08-01,2.45,2.49,2.44,2.48,70328752.0,173541712.0
2013-08-02,2.49,2.5,2.46,2.46,56825600.0,140840688.0
2013-08-05,2.47,2.48,2.45,2.47,34822576.0,85716760.0
2013-08-06,2.46,2.48,2.45,2.47,54746828.0,134721408.0
2013-08-07,2.46,2.48,2.45,2.45,53456700.0,131546008.0
2013-08-08,2.45,2.47,2.44,2.45,50788272.0,124712240.0
2013-08-09,2.46,2.46,2.44,2.46,51368080.0,125916120.0
2013-08-12,2.46,2.5,2.45,2.49,82349744.0,203885648.0
2013-08-13,2.49,2.5,2.47,2.49,96002160.0,238523568.0
2013-08-14,2.5,2.51,2.49,2.49,66726860.0,166918288.0
2013-08-15,2.5,2.51,2.48,2.48,55277204.0,137947024.0
2013-08-16,2.49,2.73,2.47,2.5,227717888.0,575640320.0
2013-08-19,2.5,2.52,2.49,2.5,73750904.0,184801184.0
2013-08-20,2.5,2.53,2.49,2.51,80998624.0,202904672.0
2013-08-21,2.52,2.52,2.48,2.49,54302556.0,135696016.0
2013-08-22,2.49,2.5,2.47,2.48,63501800.0,157868928.0
2013-08-23,2.49,2.49,2.44,2.47,75195992.0,185354608.0
2013-08-26,2.46,2.49,2.45,2.48,74301856.0,183589360.0
2013-08-27,2.48,2.49,2.45,2.47,59343600.0,146308848.0
2013-08-28,2.47,2.47,2.45,2.45,68146752.0,167559072.0
2013-08-29,2.47,2.47,2.44,2.46,59228808.0,145486704.0
2013-08-30,2.45,2.47,2.45,2.47,67333888.0,165540080.0
2013-09-02,2.47,2.47,2.45,2.46,87987064.0,216555200.0
2013-09-03,2.47,2.49,2.46,2.49,81638968.0,202103824.0
2013-09-04,2.48,2.49,2.46,2.48,67247680.0,166480416.0
2013-09-05,2.48,2.48,2.46,2.47,54577932.0,134620032.0
2013-09-06,2.46,2.48,2.46,2.47,73339280.0,181157408.0
2013-09-09,2.5,2.72,2.5,2.72,652657216.0,1724344320.0
2013-09-10,2.75,2.75,2.62,2.68,434423296.0,1160276736.0
2013-09-11,2.66,2.67,2.62,2.64,253900224.0,671314368.0
2013-09-12,2.64,2.74,2.61,2.67,498536000.0,1332753536.0
2013-09-13,2.64,2.66,2.61,2.63,212479184.0,560167872.0
2013-09-16,2.64,2.65,2.61,2.63,137279808.0,360898528.0
2013-09-17,2.62,2.63,2.54,2.55,150837744.0,389683360.0
2013-09-18,2.56,2.57,2.53,2.54,107176376.0,273063776.0
2013-09-23,2.55,2.58,2.55,2.56,87058696.0,222987520.0
2013-09-24,2.56,2.56,2.51,2.52,158177536.0,399175616.0
2013-09-25,2.52,2.53,2.51,2.52,74729568.0,188472288.0
2013-09-26,2.51,2.52,2.48,2.49,113412600.0,282394112.0
2013-09-27,2.49,2.5,2.48,2.49,67336712.0,167810384.0
2013-09-30,2.49,2.51,2.49,2.5,51735272.0,129242736.0
2013-10-08,2.49,2.51,2.47,2.51,102511304.0,255282640.0
2013-10-09,2.5,2.51,2.49,2.51,70254664.0,175723104.0
2013-10-10,2.51,2.51,2.48,2.48,86991704.0,216421408.0
2013-10-11,2.5,2.52,2.48,2.51,156052864.0,389718528.0
2013-10-14,2.51,2.51,2.49,2.51,96617088.0,241764512.0
2013-10-15,2.5,2.51,2.49,2.49,67168728.0,167618688.0
2013-10-16,2.49,2.5,2.48,2.49,76399320.0,190001744.0
2013-10-17,2.5,2.51,2.49,2.49,63216228.0,158074288.0
2013-10-18,2.49,2.51,2.48,2.49,70740224.0,176430000.0
2013-10-21,2.49,2.52,2.48,2.51,93050184.0,232863136.0
2013-10-22,2.51,2.51,2.49,2.5,60978572.0,152406752.0
2013-10-23,2.5,2.53,2.49,2.5,100231888.0,251555936.0
2013-10-24,2.5,2.51,2.48,2.48,88537464.0,220122176.0
2013-10-25,2.48,2.52,2.48,2.48,157899200.0,394393600.0
2013-10-28,2.49,2.5,2.48,2.49,83874960.0,208838016.0
2013-10-29,2.5,2.59,2.5,2.54,246150656.0,624805056.0
2013-10-30,2.53,2.58,2.52,2.57,143111664.0,365371328.0
2013-10-31,2.57,2.57,2.54,2.55,92830240.0,236716528.0
2013-11-01,2.56,2.58,2.51,2.56,143969856.0,368032160.0
2013-11-04,2.57,2.58,2.54,2.56,77765392.0,199245808.0
2013-11-05,2.54,2.56,2.52,2.56,84573368.0,214826176.0
2013-11-06,2.54,2.55,2.53,2.53,60966204.0,154817856.0
2013-11-07,2.54,2.55,2.53,2.55,62301764.0,158200368.0
2013-11-08,2.54,2.56,2.53,2.55,75763664.0,193307344.0
2013-11-11,2.55,2.56,2.54,2.55,60539692.0,154460128.0
2013-11-12,2.55,2.57,2.55,2.55,62335384.0,159559616.0
2013-11-13,2.55,2.56,2.51,2.52,79285968.0,200576656.0
2013-11-14,2.52,2.53,2.51,2.52,69984576.0,176398848.0
2013-11-15,2.52,2.55,2.52,2.54,85882648.0,217816400.0
2013-11-18,2.54,2.6,2.53,2.59,168711184.0,433184576.0
2013-11-19,2.59,2.59,2.56,2.58,118013232.0,303988288.0
2013-11-20,2.58,2.59,2.56,2.59,82630760.0,213083984.0
2013-11-21,2.57,2.63,2.56,2.62,145150096.0,375905120.0
2013-11-22,2.62,2.63,2.6,2.6,103053080.0,269630944.0
2013-11-25,2.6,2.63,2.59,2.6,69730640.0,181951680.0
2013-11-26,2.6,2.61,2.59,2.59,39787384.0,103504688.0
2013-11-27,2.59,2.61,2.58,2.59,50118640.0,130225488.0
2013-11-28,2.6,2.63,2.59,2.62,78515608.0,205361264.0
2013-11-29,2.63,2.63,2.61,2.62,64896396.0,170112224.0
2013-12-02,2.62,2.68,2.62,2.67,162731808.0,431870304.0
2013-12-03,2.66,2.68,2.64,2.66,102204920.0,271403936.0
2013-12-04,2.65,2.68,2.64,2.66,99424704.0,264133936.0
2013-12-05,2.66,2.66,2.61,2.64,82654488.0,217680656.0
2013-12-06,2.62,2.64,2.61,2.64,90672200.0,238073664.0
2013-12-09,2.64,2.64,2.61,2.61,74080792.0,194118752.0
2013-12-10,2.61,2.63,2.6,2.61,55477824.0,144976304.0
2013-12-11,2.6,2.62,2.55,2.57,95646136.0,246098160.0
2013-12-12,2.56,2.57,2.54,2.55,81003136.0,206430736.0
2013-12-13,2.54,2.55,2.52,2.53,82596808.0,209322144.0
2013-12-16,2.54,2.55,2.52,2.53,64550024.0,163572848.0
2013-12-17,2.54,2.54,2.51,2.54,93901608.0,236937872.0
2013-12-18,2.53,2.53,2.52,2.53,46034968.0,116151120.0
2013-12-19,2.53,2.53,2.51,2.52,80112712.0,201692224.0
2013-12-20,2.52,2.52,2.44,2.45,142569920.0,354088768.0
2013-12-23,2.47,2.48,2.45,2.47,67986912.0,167878336.0
2013-12-24,2.47,2.48,2.46,2.46,52862512.0,130463272.0
2013-12-25,2.47,2.48,2.46,2.47,38640848.0,95292448.0
2013-12-26,2.46,2.47,2.42,2.44,69320928.0,169672688.0
2013-12-27,2.44,2.48,2.43,2.46,99197712.0,243832912.0
2013-12-30,2.47,2.48,2.45,2.46,67745328.0,166797680.0
2013-12-31,2.46,2.5,2.45,2.48,77204464.0,191125648.0
2014-01-02,2.48,2.48,2.45,2.47,58007160.0,143059488.0
2014-01-03,2.46,2.47,2.44,2.46,65319036.0,160306368.0
2014-01-06,2.46,2.46,2.41,2.44,103628248.0,251799952.0
2014-01-07,2.42,2.43,2.41,2.43,62578368.0,151461184.0
2014-01-08,2.42,2.43,2.41,2.42,80706712.0,195345376.0
2014-01-09,2.42,2.43,2.41,2.41,62909568.0,151940704.0
2014-01-10,2.41,2.42,2.39,2.41,91387728.0,219846240.0
2014-01-13,2.4,2.42,2.39,2.41,67092204.0,161369664.0
2014-01-14,2.41,2.42,2.4,2.41,60804752.0,146415024.0
2014-01-15,2.41,2.42,2.39,2.39,61573128.0,147586352.0
2014-01-16,2.39,2.4,2.36,2.38,121063056.0,287050432.0
2014-01-17,2.37,2.38,2.35,2.36,67601328.0,159441344.0
2014-01-20,2.36,2.38,2.35,2.36,59263004.0,140303680.0
2014-01-21,2.37,2.38,2.36,2.37,52002072.0,123117936.0
2014-01-22,2.37,2.4,2.37,2.39,118387536.0,282175296.0
2014-01-23,2.38,2.38,2.36,2.36,80176960.0,190007568.0
2014-01-24,2.36,2.38,2.36,2.37,66719628.0,158055728.0
2014-01-27,2.36,2.37,2.35,2.36,48672064.0,114855264.0
2014-01-28,2.37,2.38,2.36,2.37,72620768.0,172146864.0
2014-01-29,2.38,2.4,2.37,2.4,68347384.0,163177024.0
2014-01-30,2.39,2.4,2.37,2.38,33810844.0,80524568.0
2014-02-07,2.37,2.37,2.35,2.37,52286492.0,123542056.0
2014-02-10,2.37,2.39,2.37,2.38,94072424.0,223925520.0
2014-02-11,2.38,2.42,2.37,2.41,175977024.0,422409664.0
2014-02-12,2.4,2.42,2.39,2.41,92337400.0,222048944.0
2014-02-13,2.4,2.43,2.39,2.41,119629368.0,288029376.0
2014-02-14,2.41,2.41,2.39,2.41,66736372.0,160181568.0
2014-02-17,2.41,2.41,2.4,2.4,61490712.0,147881296.0
2014-02-18,2.4,2.41,2.38,2.38,66523488.0,158780592.0
2014-02-19,2.38,2.43,2.37,2.41,143612592.0,344063424.0
2014-02-20,2.4,2.42,2.37,2.38,120760768.0,289235232.0
2014-02-21,2.38,2.39,2.37,2.38,61346536.0,145904976.0
2014-02-24,2.37,2.37,2.33,2.35,108632664.0,255211392.0
2014-02-25,2.35,2.36,2.33,2.34,98793216.0,231436032.0
2014-02-26,2.33,2.35,2.32,2.34,69147664.0,161699008.0
2014-02-27,2.34,2.35,2.32,2.34,96786672.0,226151392.0
2014-02-28,2.34,2.34,2.32,2.33,75320112.0,175688848.0
2014-03-03,2.34,2.34,2.32,2.33,104470688.0,243347520.0
2014-03-04,2.32,2.34,2.31,2.34,106243280.0,247214880.0
2014-03-05,2.33,2.34,2.32,2.32,53351920.0,124000504.0
2014-03-06,2.32,2.33,2.31,2.32,55706964.0,129327056.0
2014-03-07,2.33,2.34,2.32,2.33,71083240.0,165369440.0
2014-03-10,2.32,2.33,2.28,2.29,89045400.0,204907696.0
2014-03-11,2.29,2.29,2.28,2.29,64490540.0,147325552.0
2014-03-12,2.29,2.3,2.27,2.29,90609176.0,206872224.0
2014-03-13,2.3,2.44,2.29,2.36,273061312.0,645265728.0
2014-03-14,2.35,2.38,2.32,2.36,184976224.0,433875488.0
2014-03-17,2.35,2.36,2.33,2.34,94974160.0,222266704.0
2014-03-18,2.34,2.34,2.32,2.34,93141224.0,217275648.0
2014-03-19,2.33,2.34,2.32,2.33,56793852.0,132144672.0
2014-03-20,2.33,2.35,2.32,2.33,96472240.0,225817360.0
2014-03-21,2.33,2.42,2.32,2.4,306111552.0,729938880.0
2014-03-24,2.41,2.42,2.38,2.4,172079568.0,412987488.0
2014-03-25,2.39,2.41,2.38,2.4,91715584.0,219660240.0
2014-03-26,2.4,2.41,2.39,2.4,101473576.0,243881520.0
2014-03-27,2.4,2.43,2.38,2.4,116135824.0,279295392.0
2014-03-28,2.4,2.45,2.4,2.43,136644448.0,331737088.0
2014-03-31,2.43,2.44,2.41,2.42,95415440.0,231781984.0
2014-04-01,2.42,2.44,2.41,2.42,55792288.0,135405456.0
2014-04-02,2.43,2.44,2.42,2.44,64383048.0,156321120.0
2014-04-03,2.44,2.44,2.36,2.39,190123968.0,455949632.0
2014-04-04,2.38,2.41,2.37,2.4,65625516.0,157119072.0
2014-04-08,2.4,2.46,2.39,2.44,172573024.0,419845152.0
2014-04-09,2.44,2.45,2.43,2.45,76897136.0,187962224.0
2014-04-10,2.44,2.49,2.43,2.46,160322896.0,393646784.0
2014-04-11,2.46,2.48,2.45,2.47,134009776.0,330214048.0
2014-04-14,2.47,2.48,2.45,2.47,61366796.0,151045728.0
2014-04-15,2.45,2.46,2.42,2.43,68512984.0,167110672.0
2014-04-16,2.43,2.45,2.42,2.44,54125128.0,131841776.0
2014-04-17,2.45,2.45,2.43,2.44,40772856.0,99412072.0
2014-04-18,2.43,2.43,2.41,2.42,76094496.0,183960480.0
2014-04-21,2.42,2.44,2.4,2.4,67548040.0,163600224.0
2014-04-22,2.4,2.42,2.4,2.41,55624172.0,133921656.0
2014-04-23,2.41,2.42,2.4,2.42,54581488.0,131324736.0
2014-04-24,2.41,2.42,2.4,2.4,51559032.0,124134224.0
2014-04-25,2.41,2.43,2.4,2.41,86433808.0,208540176.0
2014-04-28,2.41,2.43,2.4,2.42,92814168.0,224233088.0
2014-04-29,2.42,2.44,2.41,2.43,85845208.0,207904656.0
2014-04-30,2.43,2.44,2.41,2.42,47872944.0,115707336.0
2014-05-05,2.41,2.41,2.38,2.39,106293752.0,254313056.0
2014-05-06,2.39,2.4,2.38,2.39,63954880.0,152813248.0
2014-05-07,2.38,2.39,2.38,2.38,46398824.0,110709632.0
2014-05-08,2.39,2.41,2.38,2.39,51441080.0,123195400.0
2014-05-09,2.4,2.42,2.39,2.4,78057648.0,187861760.0
2014-05-12,2.41,2.44,2.4,2.42,93779088.0,227191456.0
2014-05-13,2.42,2.44,2.42,2.43,63140504.0,153562000.0
2014-05-14,2.43,2.44,2.42,2.43,38293172.0,93116536.0
2014-05-15,2.43,2.44,2.43,2.44,44806888.0,109172704.0
2014-05-16,2.44,2.46,2.43,2.45,73314384.0,179277104.0
2014-05-19,2.45,2.45,2.42,2.44,57990500.0,141172048.0
2014-05-20,2.44,2.45,2.43,2.45,69663648.0,170000336.0
2014-05-21,2.44,2.46,2.43,2.46,48794716.0,119346616.0
2014-05-22,2.45,2.48,2.45,2.46,52063588.0,128238944.0
2014-05-23,2.46,2.47,2.45,2.47,31764280.0,78182800.0
2014-05-26,2.47,2.48,2.46,2.46,43154996.0,106464512.0
2014-05-27,2.46,2.48,2.45,2.47,56066896.0,138503472.0
2014-05-28,2.47,2.5,2.46,2.48,66213104.0,164321488.0
2014-05-29,2.49,2.5,2.48,2.49,44196536.0,110132920.0
2014-05-30,2.49,2.5,2.48,2.49,45785204.0,114062080.0
2014-06-03,2.49,2.51,2.48,2.51,60776680.0,151914848.0
2014-06-04,2.5,2.51,2.48,2.48,61728948.0,153772608.0
2014-06-05,2.48,2.53,2.48,2.52,68929128.0,172840688.0
2014-06-06,2.52,2.54,2.49,2.51,79721928.0,200538208.0
2014-06-09,2.5,2.54,2.5,2.52,62253592.0,156987872.0
2014-06-10,2.52,2.55,2.51,2.55,80869848.0,204846336.0
2014-06-11,2.54,2.56,2.53,2.55,61825568.0,157335376.0
2014-06-12,2.54,2.55,2.54,2.55,46601288.0,118639032.0
2014-06-13,2.54,2.58,2.54,2.58,107204472.0,274615840.0
2014-06-16,2.58,2.59,2.55,2.58,126600144.0,324848992.0
2014-06-17,2.57,2.58,2.55,2.57,87823416.0,224914368.0
2014-06-18,2.56,2.57,2.51,2.52,122176720.0,309148576.0
2014-06-19,2.52,2.53,2.48,2.49,86149344.0,215339152.0
2014-06-20,2.49,2.52,2.48,2.51,57660436.0,144374080.0
2014-06-23,2.52,2.52,2.49,2.5,58205880.0,145764576.0
2014-06-24,2.51,2.51,2.5,2.5,34026304.0,85230400.0
2014-06-25,2.5,2.51,2.5,2.51,36246000.0,90796208.0
2014-06-26,2.51,2.53,2.5,2.53,53135820.0,134067848.0
2014-06-27,2.53,2.53,2.51,2.52,45202760.0,114066128.0
2014-06-30,2.53,2.54,2.52,2.52,59697624.0,150746848.0
2014-07-01,2.53,2.53,2.51,2.53,74836400.0,188721008.0
2014-07-02,2.52,2.54,2.51,2.52,115497352.0,291701536.0
2014-07-03,2.35,2.37,2.34,2.36,96506264.0,227454496.0
2014-07-04,2.36,2.37,2.35,2.36,51629880.0,121876384.0
2014-07-07,2.36,2.37,2.35,2.37,87780480.0,207422864.0
2014-07-08,2.37,2.38,2.35,2.37,67936536.0,160722880.0
2014-07-09,2.37,2.37,2.35,2.35,67700112.0,159685056.0
2014-07-10,2.35,2.36,2.35,2.36,45614800.0,107414912.0
2014-07-11,2.36,2.37,2.35,2.35,54611032.0,128745288.0
2014-07-14,2.36,2.36,2.35,2.36,83630536.0,196895200.0
2014-07-15,2.36,2.37,2.36,2.37,69094816.0,163346256.0
2014-07-16,2.37,2.37,2.36,2.37,87282032.0,206409040.0
2014-07-17,2.37,2.37,2.35,2.37,65306184.0,154285984.0
2014-07-18,2.36,2.37,2.35,2.36,63066428.0,148953616.0
2014-07-21,2.36,2.37,2.35,2.36,57422012.0,135363648.0
2014-07-22,2.36,2.37,2.35,2.36,128271712.0,302632096.0
2014-07-23,2.36,2.37,2.35,2.36,140037312.0,331037088.0
2014-07-24,2.36,2.41,2.36,2.4,181943424.0,434659680.0
2014-07-25,2.41,2.46,2.4,2.45,145703808.0,354514432.0
2014-07-28,2.46,2.54,2.45,2.53,296383136.0,744034944.0
2014-07-29,2.53,2.54,2.5,2.52,179429152.0,452431008.0
2014-07-30,2.51,2.53,2.48,2.49,193424960.0,485527616.0
2014-07-31,2.49,2.52,2.47,2.52,183175168.0,456023360.0
2014-08-01,2.51,2.57,2.5,2.52,240168000.0,609343808.0
2014-08-04,2.53,2.54,2.51,2.53,154113968.0,390031136.0
2014-08-05,2.54,2.55,2.52,2.53,134652976.0,341018848.0
2014-08-06,2.53,2.54,2.5,2.53,137825792.0,347621632.0
2014-08-07,2.53,2.54,2.49,2.49,125412904.0,314622176.0
2014-08-08,2.5,2.51,2.48,2.5,108872960.0,271338080.0
2014-08-11,2.51,2.53,2.5,2.52,80385792.0,202147216.0
2014-08-12,2.52,2.53,2.5,2.51,77972800.0,195597424.0
2014-08-13,2.51,2.52,2.49,2.51,128507424.0,322007360.0
2014-08-14,2.5,2.52,2.49,2.5,123949248.0,311071552.0
2014-08-15,2.51,2.52,2.49,2.52,95062664.0,238190880.0
2014-08-18,2.52,2.52,2.5,2.5,96714848.0,242418272.0
2014-08-19,2.5,2.52,2.5,2.51,152261760.0,381490784.0
2014-08-20,2.51,2.51,2.49,2.5,69961728.0,175113216.0
2014-08-21,2.5,2.51,2.47,2.48,119562624.0,296747392.0
2014-08-22,2.48,2.49,2.47,2.48,112642376.0,278974240.0
2014-08-25,2.48,2.49,2.46,2.46,98612288.0,243214560.0
2014-08-26,2.46,2.47,2.45,2.46,95495824.0,234537088.0
2014-08-27,2.45,2.46,2.44,2.45,55448848.0,135819648.0
2014-08-28,2.44,2.45,2.41,2.41,75657680.0,183771520.0
2014-08-29,2.42,2.44,2.41,2.43,90323040.0,219073344.0
2014-09-01,2.44,2.45,2.42,2.44,110201072.0,268740000.0
2014-09-02,2.44,2.48,2.44,2.47,146745472.0,360034048.0
2014-09-03,2.48,2.51,2.47,2.5,140760400.0,351110496.0
2014-09-04,2.5,2.52,2.49,2.51,95434552.0,238804000.0
2014-09-05,2.52,2.53,2.51,2.52,111097256.0,280200992.0
2014-09-09,2.53,2.53,2.51,2.51,87943424.0,221355744.0
2014-09-10,2.51,2.51,2.48,2.49,118472544.0,295283584.0
2014-09-11,2.49,2.51,2.48,2.48,156334160.0,389347296.0
2014-09-12,2.48,2.5,2.47,2.5,74291408.0,184589152.0
2014-09-15,2.49,2.49,2.47,2.48,113939968.0,282818144.0
2014-09-16,2.49,2.53,2.48,2.5,271938208.0,681078272.0
2014-09-17,2.49,2.5,2.48,2.49,174592384.0,434954272.0
2014-09-18,2.48,2.51,2.47,2.5,176363920.0,439395968.0
2014-09-19,2.5,2.5,2.48,2.5,126936856.0,316308896.0
2014-09-22,2.49,2.49,2.45,2.45,121634840.0,299989216.0
2014-09-23,2.45,2.47,2.45,2.46,88711696.0,218136720.0
2014-09-24,2.46,2.5,2.45,2.48,181587216.0,450154944.0
2014-09-25,2.5,2.51,2.48,2.49,156237200.0,390265504.0
2014-09-26,2.48,2.5,2.48,2.49,83087176.0,206939200.0
2014-09-29,2.49,2.5,2.47,2.48,143507136.0,356577728.0
2014-09-30,2.49,2.49,2.47,2.49,136327920.0,338154624.0
2014-10-08,2.49,2.49,2.47,2.49,125732848.0,312015840.0
2014-10-09,2.49,2.5,2.48,2.49,108967224.0,271100416.0
2014-10-10,2.48,2.49,2.47,2.48,124969592.0,309615520.0
2014-10-13,2.47,2.48,2.45,2.46,130343200.0,320408512.0
2014-10-14,2.45,2.48,2.45,2.46,133029512.0,327593824.0
2014-10-15,2.46,2.48,2.45,2.47,134971664.0,333146592.0
2014-10-16,2.47,2.5,2.46,2.48,196460272.0,487185728.0
2014-10-17,2.48,2.48,2.45,2.46,165356144.0,407595168.0
2014-10-20,2.47,2.48,2.46,2.47,117215104.0,289533088.0
2014-10-21,2.47,2.48,2.45,2.46,157141152.0,386993984.0
2014-10-22,2.46,2.47,2.45,2.47,120985864.0,298254496.0
2014-10-23,2.47,2.47,2.45,2.45,125577456.0,308833344.0
2014-10-24,2.45,2.46,2.44,2.45,72385256.0,177480752.0
2014-10-27,2.44,2.45,2.42,2.43,116632832.0,284057920.0
2014-10-28,2.43,2.45,2.42,2.45,108501440.0,264768864.0
2014-10-29,2.45,2.48,2.45,2.48,182275200.0,448913216.0
2014-10-30,2.47,2.52,2.46,2.5,293295232.0,729196736.0
2014-10-31,2.5,2.59,2.5,2.56,636079744.0,1613815808.0
2014-11-03,2.55,2.56,2.53,2.54,317516544.0,808566592.0
2014-11-04,2.54,2.55,2.52,2.54,220868368.0,558848960.0
2014-11-05,2.53,2.54,2.49,2.5,332531904.0,833384512.0
2014-11-06,2.5,2.51,2.49,2.5,155934880.0,389878720.0
2014-11-07,2.5,2.54,2.48,2.49,346261248.0,868852928.0
2014-11-10,2.51,2.56,2.5,2.55,494305664.0,1251339136.0
2014-11-11,2.56,2.77,2.56,2.69,1288103936.0,3440600576.0
2014-11-12,2.65,2.66,2.61,2.65,452892352.0,1193759232.0
2014-11-13,2.66,2.7,2.63,2.64,506919008.0,1352212608.0
2014-11-14,2.65,2.68,2.62,2.67,350516480.0,927565056.0
2014-11-17,2.7,2.71,2.6,2.61,361587936.0,959668288.0
2014-11-18,2.62,2.62,2.53,2.54,438078272.0,1126491776.0
2014-11-19,2.54,2.55,2.52,2.54,197656960.0,501369472.0
2014-11-20,2.53,2.55,2.52,2.54,220368640.0,558325184.0
2014-11-21,2.54,2.58,2.52,2.57,278777440.0,709691008.0
2014-11-24,2.53,2.58,2.52,2.56,502357856.0,1283593984.0
2014-11-25,2.56,2.62,2.55,2.61,436383552.0,1126493568.0
2014-11-26,2.61,2.69,2.6,2.66,456933888.0,1210393216.0
2014-11-27,2.69,2.71,2.64,2.69,594608704.0,1592453504.0
2014-11-28,2.68,2.86,2.67,2.85,1486854144.0,4124558848.0
2014-12-01,2.86,2.96,2.81,2.82,1069536832.0,3064508928.0
2014-12-02,2.8,3.01,2.78,2.96,1100345088.0,3168654848.0
2014-12-03,2.97,3.04,2.87,2.92,1215175040.0,3592873472.0
2014-12-04,2.94,3.06,2.9,3.05,1079702272.0,3216189440.0
2014-12-05,3.08,3.33,3.01,3.31,1802728576.0,5726925824.0
2014-12-08,3.25,3.45,3.14,3.36,1508335744.0,4945467392.0
2014-12-09,3.28,3.37,3.02,3.05,1829491840.0,5916902400.0
2014-12-10,3.05,3.13,2.9,3.1,1190955648.0,3594745600.0
2014-12-11,3.05,3.12,3.01,3.05,738801280.0,2253379072.0
2014-12-12,3.05,3.1,3.03,3.04,537403712.0,1644183296.0
2014-12-15,3.02,3.02,2.96,3.0,502633120.0,1498517888.0
2014-12-16,3.0,3.1,2.99,3.1,729979968.0,2228124672.0
2014-12-17,3.11,3.3,3.08,3.24,1611248128.0,5128502784.0
2014-12-18,3.25,3.26,3.13,3.16,802369216.0,2558192384.0
2014-12-19,3.16,3.26,3.14,3.24,947006656.0,3042794240.0
2014-12-22,3.29,3.56,3.27,3.56,2362692352.0,8248902656.0
2014-12-23,3.42,3.52,3.32,3.36,1433843840.0,4931225088.0
2014-12-24,3.36,3.39,3.16,3.21,922113280.0,2994357504.0
2014-12-25,3.27,3.36,3.21,3.34,936537088.0,3085447168.0
2014-12-26,3.34,3.48,3.3,3.46,950674880.0,3222118656.0
2014-12-29,3.56,3.62,3.38,3.44,1227369600.0,4328634880.0
2014-12-30,3.44,3.59,3.41,3.54,934092224.0,3281640704.0
2014-12-31,3.55,3.77,3.5,3.71,1363736704.0,4973496320.0
2015-01-05,3.76,3.92,3.72,3.89,1440479616.0,5486170624.0
2015-01-06,3.81,4.13,3.78,3.95,1509285888.0,5975994880.0
2015-01-07,3.9,3.99,3.82,3.89,963318720.0,3760354560.0
2015-01-08,3.9,3.93,3.71,3.73,845680832.0,3190135040.0
2015-01-09,3.7,4.02,3.64,3.76,1649017856.0,6249768960.0
2015-01-12,3.7,3.76,3.6,3.67,825547136.0,3037865984.0
2015-01-13,3.65,3.7,3.62,3.66,437598432.0,1603502080.0
2015-01-14,3.67,3.79,3.67,3.73,650140992.0,2427109376.0
2015-01-15,3.72,3.87,3.68,3.86,800204224.0,3024979968.0
2015-01-16,3.89,3.99,3.86,3.94,1003820032.0,3950040320.0
2015-01-19,3.67,3.78,3.55,3.55,1024136192.0,3735646976.0
2015-01-20,3.53,3.64,3.48,3.57,750624512.0,2672988928.0
2015-01-21,3.59,3.82,3.55,3.77,1012054016.0,3720674816.0
2015-01-22,3.76,3.76,3.66,3.73,706251392.0,2627961856.0
2015-01-23,3.74,3.84,3.71,3.74,896948160.0,3374609152.0
2015-01-26,3.73,3.73,3.65,3.71,539173248.0,1988524416.0
2015-01-27,3.71,3.71,3.55,3.62,666068032.0,2413402880.0
2015-01-28,3.59,3.65,3.56,3.58,376861152.0,1355516544.0
2015-01-29,3.51,3.55,3.47,3.5,525151040.0,1841374208.0
2015-01-30,3.52,3.55,3.45,3.46,365558784.0,1278243200.0
2015-02-02,3.38,3.42,3.31,3.33,415574624.0,1401030272.0
2015-02-03,3.35,3.42,3.33,3.4,372506400.0,1255367552.0
2015-02-04,3.41,3.45,3.35,3.36,315805984.0,1074703488.0
2015-02-05,3.56,3.57,3.3,3.32,1161271936.0,4001022720.0
2015-02-06,3.29,3.31,3.18,3.22,569160576.0,1853260544.0
2015-02-09,3.2,3.26,3.15,3.23,502297952.0,1606961664.0
2015-02-10,3.22,3.29,3.2,3.27,477545792.0,1553913344.0
2015-02-11,3.27,3.28,3.24,3.26,267805264.0,872335552.0
2015-02-12,3.26,3.27,3.21,3.25,265354160.0,859453376.0
2015-02-13,3.26,3.35,3.25,3.31,849197056.0,2797240064.0
2015-02-16,3.3,3.31,3.27,3.29,320472800.0,1053116160.0
2015-02-17,3.3,3.34,3.29,3.31,369734272.0,1223977472.0
2015-02-25,3.31,3.32,3.27,3.29,344364736.0,1133252352.0
2015-02-26,3.28,3.36,3.25,3.35,579857792.0,1922318720.0
2015-02-27,3.35,3.37,3.32,3.34,433135328.0,1448644480.0
2015-03-02,3.36,3.36,3.32,3.36,522923520.0,1747305472.0
2015-03-03,3.34,3.34,3.24,3.24,574248512.0,1886501120.0
2015-03-04,3.24,3.26,3.19,3.22,474576992.0,1529228928.0
2015-03-05,3.2,3.21,3.1,3.14,610891392.0,1922215552.0
2015-03-06,3.13,3.16,3.12,3.15,443968192.0,1396009856.0
2015-03-09,3.15,3.33,3.1,3.29,1175954304.0,3775232768.0
2015-03-10,3.25,3.25,3.19,3.2,722650176.0,2324410368.0
2015-03-11,3.2,3.27,3.19,3.22,666394048.0,2152089600.0
2015-03-12,3.26,3.36,3.24,3.32,1237632512.0,4087800320.0
2015-03-13,3.33,3.39,3.29,3.32,923046464.0,3081767424.0
2015-03-16,3.34,3.37,3.31,3.36,826117184.0,2759869440.0
2015-03-17,3.38,3.41,3.36,3.4,1002348160.0,3391451904.0
2015-03-18,3.41,3.53,3.4,3.52,1339413120.0,4641740800.0
2015-03-19,3.53,3.54,3.46,3.48,1053768640.0,3677978624.0
2015-03-20,3.48,3.59,3.48,3.56,1265646080.0,4464006656.0
2015-03-23,3.6,3.63,3.57,3.62,1186262400.0,4271454720.0
2015-03-24,3.62,3.84,3.58,3.73,2121240448.0,7820087296.0
2015-03-25,3.71,3.79,3.62,3.64,1769961984.0,6535026176.0
2015-03-26,3.6,3.69,3.55,3.65,1264754432.0,4588904448.0
2015-03-27,3.65,3.67,3.6,3.64,1007100480.0,3658351104.0
2015-03-30,3.66,3.75,3.63,3.74,1612000768.0,5965906432.0
2015-03-31,3.78,3.81,3.65,3.67,1550134272.0,5785938432.0
2015-04-01,3.65,3.71,3.64,3.69,1022280704.0,3761058816.0
2015-04-02,3.7,3.71,3.62,3.65,1034508352.0,3783034368.0
2015-04-03,3.62,3.66,3.61,3.66,936586240.0,3407118592.0
2015-04-07,3.7,3.77,3.69,3.77,1718875648.0,6411085824.0
2015-04-08,3.77,3.81,3.71,3.81,1622981248.0,6114279936.0
2015-04-09,3.81,3.88,3.76,3.77,1611898496.0,6122229760.0
2015-04-10,3.76,3.82,3.74,3.81,1339776000.0,5066601984.0
2015-04-13,3.88,3.96,3.83,3.92,2474038272.0,9601556480.0
2015-04-14,3.9,3.9,3.84,3.87,1530056064.0,5920129024.0
2015-04-15,3.87,3.98,3.85,3.9,2391276032.0,9340788736.0
2015-04-16,3.88,3.97,3.84,3.97,1791901184.0,6996960256.0
2015-04-17,4.03,4.06,3.97,4.03,2204310016.0,8858037248.0
2015-04-20,4.09,4.09,3.93,3.95,2846928640.0,11478212608.0
2015-04-21,3.93,4.0,3.91,3.99,1262194304.0,4987734016.0
2015-04-22,4.01,4.05,3.98,4.04,1592638208.0,6386851328.0
2015-04-23,4.04,4.04,3.98,4.01,1301567872.0,5214446080.0
2015-04-24,3.95,3.96,3.87,3.92,1380512384.0,5413919232.0
2015-04-27,3.93,4.02,3.92,4.0,1506752128.0,5999519232.0
2015-04-28,4.02,4.25,4.0,4.11,3004523776.0,12330604544.0
2015-04-29,4.03,4.05,3.96,4.02,1354372992.0,5434724352.0
2015-04-30,4.02,4.04,3.95,3.96,1139362688.0,4540166656.0
2015-05-04,3.96,3.96,3.91,3.95,955254720.0,3758818560.0
2015-05-05,3.94,3.94,3.74,3.77,1340400768.0,5159307264.0
2015-05-06,3.77,3.85,3.69,3.72,1025812800.0,3879876096.0
2015-05-07,3.72,3.73,3.64,3.65,897443968.0,3300842496.0
2015-05-08,3.68,3.7,3.64,3.7,713341760.0,2623303168.0
2015-05-11,3.7,3.75,3.65,3.74,1016831936.0,3756128512.0
2015-05-12,3.75,3.77,3.71,3.75,889964992.0,3325401856.0
2015-05-13,3.76,3.78,3.71,3.72,811695232.0,3035582720.0
2015-05-14,3.73,3.74,3.7,3.71,660773888.0,2457321472.0
2015-05-15,3.7,3.71,3.63,3.66,706681856.0,2589704192.0
2015-05-18,3.63,3.64,3.6,3.61,596731136.0,2162340864.0
2015-05-19,3.6,3.71,3.59,3.7,786131840.0,2884873984.0
2015-05-20,3.7,3.74,3.67,3.69,909401216.0,3363989504.0
2015-05-21,3.69,3.69,3.66,3.68,693155392.0,2548179712.0
2015-05-22,3.71,3.79,3.7,3.79,1209892224.0,4532768768.0
2015-05-25,3.8,3.9,3.79,3.89,1228721664.0,4733161472.0
2015-05-26,3.93,3.93,3.84,3.9,1023789696.0,3975272192.0
2015-05-27,3.89,3.91,3.84,3.87,956347136.0,3702639360.0
2015-05-28,3.86,3.88,3.66,3.67,1654293120.0,6262441984.0
2015-05-29,3.66,3.7,3.58,3.64,1163127168.0,4229698304.0
2015-06-01,3.64,3.78,3.61,3.77,1332846336.0,4934180352.0
2015-06-02,3.75,3.79,3.7,3.76,1204272512.0,4501666816.0
2015-06-03,3.78,3.79,3.69,3.74,983487680.0,3673114368.0
2015-06-04,3.75,3.89,3.71,3.85,1991367296.0,7579292672.0
2015-06-05,3.9,3.93,3.79,3.85,1571894784.0,6059918336.0
2015-06-08,3.86,4.15,3.83,4.12,3602374400.0,14449961984.0
2015-06-09,4.12,4.17,3.98,4.04,2486029568.0,10124687360.0
2015-06-10,4.0,4.01,3.96,3.99,1437692928.0,5729672704.0
2015-06-11,3.98,4.0,3.92,3.95,1185249024.0,4680097280.0
2015-06-12,3.95,3.97,3.91,3.97,1234531584.0,4865945600.0
2015-06-15,3.96,3.97,3.86,3.87,1239574656.0,4857626624.0
2015-06-16,3.84,3.91,3.78,3.82,1193247232.0,4593277440.0
2015-06-17,3.87,3.89,3.8,3.86,1159486976.0,4458039808.0
2015-06-18,3.84,3.84,3.72,3.74,998386176.0,3777946112.0
2015-06-19,3.7,3.74,3.54,3.56,1017721152.0,3726162176.0
2015-06-23,3.59,3.7,3.52,3.7,1004187648.0,3634878720.0
2015-06-24,3.71,3.75,3.67,3.75,963995264.0,3575187968.0
2015-06-25,3.82,3.85,3.66,3.69,1108228096.0,4173775872.0
2015-06-26,3.64,3.7,3.42,3.53,1434696448.0,5154144768.0
2015-06-29,3.6,3.63,3.35,3.54,1619700352.0,5728415744.0
2015-06-30,3.54,3.72,3.47,3.71,1676155264.0,6054932992.0
2015-07-01,3.66,3.69,3.57,3.59,1132060032.0,4125991424.0
2015-07-02,3.61,3.67,3.45,3.63,1416172288.0,5063489536.0
2015-07-03,3.58,3.64,3.45,3.51,1407513472.0,5004755968.0
2015-07-06,3.8,3.86,3.65,3.86,4372087808.0,16565088256.0
2015-07-07,3.8,4.19,3.77,4.12,3741099264.0,15103792128.0
2015-07-08,3.95,4.12,3.71,3.93,3975365120.0,15730203648.0
2015-07-09,3.93,4.22,3.79,4.13,3028478720.0,12172961792.0
2015-07-10,3.87,4.16,3.81,3.94,3427356160.0,13750050816.0
2015-07-13,3.84,3.85,3.75,3.78,2140817664.0,8130583040.0
2015-07-14,3.72,3.77,3.62,3.71,1519114496.0,5630057984.0
2015-07-15,3.68,3.81,3.66,3.8,1551969152.0,5826074624.0
2015-07-16,3.8,3.88,3.72,3.76,1216628992.0,4605126144.0
2015-07-17,3.77,3.78,3.71,3.76,813272384.0,3047237120.0
2015-07-20,3.75,3.76,3.71,3.73,731852928.0,2730769152.0
2015-07-21,3.71,3.73,3.66,3.7,729855168.0,2695851264.0
2015-07-22,3.68,3.7,3.66,3.67,547586560.0,2013604864.0
2015-07-23,3.67,3.71,3.66,3.7,634324032.0,2339719680.0
2015-07-24,3.69,3.7,3.65,3.65,641667968.0,2357488128.0
2015-07-27,3.62,3.63,3.4,3.41,1037223424.0,3668295168.0
2015-07-28,3.38,3.54,3.36,3.45,861345536.0,2975242752.0
2015-07-29,3.44,3.47,3.41,3.46,521866304.0,1792869120.0
2015-07-30,3.45,3.46,3.4,3.41,425132000.0,1457605504.0
2015-07-31,3.39,3.45,3.37,3.44,543469504.0,1853947136.0
2015-08-03,3.42,3.53,3.41,3.51,878813696.0,3050816256.0
2015-08-04,3.5,3.52,3.47,3.52,332668096.0,1164673408.0
2015-08-05,3.5,3.51,3.45,3.45,281082080.0,977560000.0
2015-08-06,3.43,3.47,3.42,3.43,220807616.0,760566720.0
2015-08-07,3.44,3.47,3.43,3.45,248147744.0,857078528.0
2015-08-10,3.43,3.52,3.42,3.51,556307904.0,1933286272.0
2015-08-11,3.49,3.5,3.45,3.48,429786976.0,1493925248.0
2015-08-12,3.46,3.46,3.43,3.44,298020064.0,1027993472.0
2015-08-13,3.44,3.45,3.4,3.45,337145184.0,1156421632.0
2015-08-14,3.43,3.44,3.42,3.43,292240864.0,1002360640.0
2015-08-17,3.42,3.43,3.39,3.41,389115872.0,1323575296.0
2015-08-18,3.4,3.43,3.35,3.36,559367616.0,1897134720.0
2015-08-19,3.33,3.36,3.26,3.34,615498688.0,2041158912.0
2015-08-20,3.36,3.39,3.32,3.32,383943520.0,1288910336.0
2015-08-21,3.3,3.37,3.28,3.32,598079168.0,1985216640.0
2015-08-24,3.28,3.28,2.99,3.01,973909760.0,3015321344.0
2015-08-25,2.9,3.02,2.71,2.74,934437696.0,2676473856.0
2015-08-26,2.8,2.91,2.74,2.83,850767872.0,2390387200.0
2015-08-27,2.84,3.0,2.78,2.98,799960768.0,2298336512.0
2015-08-28,2.99,3.03,2.94,3.01,691107392.0,2057450240.0
2015-08-31,2.98,3.0,2.91,2.99,552897280.0,1632999680.0
2015-09-01,2.98,3.21,2.95,3.16,1449030016.0,4502529024.0
2015-09-02,3.06,3.39,3.04,3.37,1995668864.0,6450391040.0
2015-09-07,3.26,3.27,3.1,3.12,644333568.0,2055250560.0
2015-09-08,3.1,3.18,3.07,3.15,429955712.0,1346175616.0
2015-09-09,3.14,3.18,3.11,3.17,404205280.0,1272402688.0
2015-09-10,3.14,3.19,3.13,3.17,279667328.0,885797504.0
2015-09-11,3.15,3.17,3.12,3.14,184052592.0,579384256.0
2015-09-14,3.14,3.22,3.06,3.14,521679840.0,1643864960.0
2015-09-15,3.11,3.17,3.1,3.16,486950944.0,1530771584.0
2015-09-16,3.14,3.21,3.1,3.17,336386048.0,1057267712.0
2015-09-17,3.15,3.19,3.13,3.15,255866064.0,809539520.0
2015-09-18,3.15,3.17,3.13,3.14,254358720.0,801315008.0
2015-09-21,3.13,3.14,3.1,3.12,263096176.0,820965760.0
2015-09-22,3.12,3.15,3.11,3.14,191081584.0,599526976.0
2015-09-23,3.12,3.13,3.09,3.1,182413712.0,567271744.0
2015-09-24,3.1,3.11,3.08,3.09,141032320.0,436291552.0
2015-09-25,3.08,3.11,3.06,3.11,206546992.0,636519744.0
2015-09-28,3.09,3.1,3.07,3.08,92848536.0,286040768.0
2015-09-29,3.07,3.07,3.02,3.03,194315248.0,589769792.0
2015-09-30,3.03,3.06,3.02,3.03,147061792.0,447049280.0
2015-10-08,3.08,3.1,3.06,3.08,217589328.0,670450560.0
2015-10-09,3.08,3.1,3.07,3.09,183710096.0,567440960.0
2015-10-12,3.1,3.16,3.09,3.15,330039968.0,1033755520.0
2015-10-13,3.14,3.15,3.12,3.13,162429568.0,508734656.0
2015-10-14,3.12,3.13,3.1,3.1,162436576.0,505713728.0
2015-10-15,3.1,3.14,3.09,3.13,170440448.0,531347712.0
2015-10-16,3.14,3.15,3.12,3.14,246333664.0,772921024.0
2015-10-19,3.15,3.15,3.11,3.13,282719872.0,886733504.0
2015-10-20,3.12,3.14,3.12,3.14,188113440.0,588837056.0
2015-10-21,3.14,3.2,3.12,3.19,606820544.0,1915113216.0
2015-10-22,3.15,3.18,3.13,3.15,312783232.0,985771072.0
2015-10-23,3.15,3.17,3.14,3.16,259948544.0,819079936.0
2015-10-26,3.18,3.19,3.15,3.17,268570112.0,851196672.0
2015-10-27,3.16,3.17,3.14,3.15,226456256.0,714450368.0
2015-10-28,3.15,3.16,3.13,3.15,196550496.0,618862336.0
2015-10-29,3.14,3.15,3.13,3.13,148840400.0,467279552.0
2015-10-30,3.13,3.15,3.12,3.14,161541680.0,507044192.0
2015-11-02,3.13,3.15,3.11,3.11,215639904.0,675040704.0
2015-11-03,3.11,3.12,3.06,3.07,216745120.0,668600192.0
2015-11-04,3.07,3.15,3.06,3.15,406719328.0,1263851520.0
2015-11-05,3.14,3.25,3.12,3.2,812518464.0,2599442688.0
2015-11-06,3.18,3.21,3.16,3.2,489429056.0,1558232704.0
2015-11-09,3.23,3.38,3.23,3.33,1016779456.0,3385888256.0
2015-11-10,3.3,3.33,3.27,3.29,464592416.0,1531133568.0
2015-11-11,3.29,3.29,3.23,3.27,362290912.0,1182061056.0
2015-11-12,3.26,3.27,3.22,3.23,221999856.0,719395328.0
2015-11-13,3.22,3.25,3.2,3.21,232790704.0,749385280.0
2015-11-16,3.19,3.23,3.18,3.23,205150000.0,658117184.0
2015-11-17,3.23,3.28,3.22,3.24,387493856.0,1259699712.0
2015-11-18,3.23,3.27,3.21,3.25,361593824.0,1170345216.0
2015-11-19,3.24,3.25,3.21,3.24,264656768.0,854566912.0
2015-11-20,3.24,3.25,3.21,3.23,312610784.0,1007683968.0
2015-11-23,3.22,3.23,3.2,3.21,222600480.0,715854912.0
2015-11-24,3.2,3.21,3.18,3.2,308058208.0,983831808.0
2015-11-25,3.19,3.23,3.18,3.23,274433248.0,880851520.0
2015-11-26,3.22,3.24,3.21,3.22,198603824.0,640015936.0
2015-11-27,3.21,3.22,3.1,3.13,304923264.0,963799552.0
2015-11-30,3.13,3.17,3.11,3.15,327124000.0,1027774784.0
2015-12-01,3.14,3.14,3.11,3.12,205291456.0,641232512.0
2015-12-02,3.12,3.25,3.11,3.24,663576768.0,2119992576.0
2015-12-03,3.22,3.39,3.21,3.34,1064056422.0,3523961513.0
2015-12-04,3.32,3.34,3.28,3.3,549862400.0,1817714432.0
2015-12-07,3.3,3.31,3.26,3.27,177933178.0,582602711.0
2015-12-08,3.25,3.26,3.18,3.21,239619888.0,770157184.0
2015-12-09,3.19,3.25,3.18,3.23,160781232.0,518588911.0
2015-12-10,3.22,3.26,3.2,3.23,175665680.0,567761280.0
2015-12-11,3.21,3.24,3.19,3.23,242398576.0,778045952.0
2015-12-14,3.2,3.28,3.2,3.28,277725632.0,901848960.0
2015-12-15,3.27,3.28,3.23,3.24,127982776.0,416591840.0
2015-12-16,3.25,3.26,3.23,3.24,112936080.0,366282336.0
2015-12-17,3.24,3.28,3.24,3.27,211274048.0,688339456.0
2015-12-18,3.25,3.34,3.25,3.28,271338752.0,892574016.0
2015-12-21,3.26,3.34,3.26,3.31,357199456.0,1180666240.0
2015-12-22,3.31,3.32,3.28,3.31,181691228.0,599348479.0
2015-12-23,3.3,3.34,3.28,3.3,263533872.0,870971584.0
2015-12-24,3.3,3.31,3.25,3.28,247053920.0,809165184.0
2015-12-25,3.28,3.29,3.26,3.27,121916669.0,399167787.0
2015-12-28,3.27,3.28,3.2,3.2,254659904.0,825957691.0
2015-12-29,3.21,3.24,3.2,3.24,145928282.0,469657579.0
2015-12-30,3.23,3.24,3.21,3.23,126880332.0,408871376.0
2015-12-31,3.23,3.25,3.22,3.23,158248128.0,511938664.0
2016-01-04,3.24,3.24,3.11,3.12,191312700.0,609918488.0
2016-01-05,3.1,3.17,3.08,3.16,321545621.0,1010967560.0
2016-01-06,3.15,3.19,3.14,3.18,168419990.0,534016660.0
2016-01-07,3.16,3.17,3.1,3.11,67693020.0,213026028.0
2016-01-08,3.14,3.17,3.11,3.16,269691052.0,848424984.0
2016-01-11,3.14,3.15,3.09,3.09,286388562.0,896360974.0
2016-01-12,3.11,3.14,3.09,3.13,176341923.0,549730284.0
2016-01-13,3.13,3.15,3.11,3.12,153620760.0,481542859.0
2016-01-14,3.09,3.12,3.06,3.12,273862605.0,847415495.0
2016-01-15,3.11,3.11,3.06,3.07,214673803.0,662801858.0
2016-01-18,3.05,3.11,3.03,3.07,213964440.0,658513766.0
2016-01-19,3.08,3.12,3.06,3.11,143495734.0,444661212.0
2016-01-20,3.1,3.12,3.08,3.11,188436819.0,583696285.0
2016-01-21,3.08,3.13,3.08,3.09,172707114.0,536059056.0
2016-01-22,3.1,3.11,3.07,3.11,151552019.0,468537718.0
2016-01-25,3.09,3.1,3.07,3.1,161366523.0,497810325.0
2016-01-26,3.08,3.09,2.93,2.95,220748676.0,666917439.0
2016-01-27,2.95,2.97,2.89,2.95,239965022.0,706129895.0
2016-01-28,2.95,2.96,2.91,2.91,159022593.0,466818216.0
2016-01-29,2.91,3.0,2.91,2.99,198777082.0,589150158.0
2016-02-01,2.99,2.99,2.92,2.94,100792967.0,297433564.0
2016-02-02,2.94,2.97,2.93,2.96,118978571.0,351511338.0
2016-02-03,2.94,2.95,2.9,2.92,104308968.0,304478321.0
2016-02-04,2.93,2.95,2.92,2.93,86465184.0,253707501.0
2016-02-05,2.93,2.94,2.91,2.92,65693012.0,192073205.0
2016-02-15,2.87,2.91,2.85,2.89,91231105.0,262813137.0
2016-02-16,2.9,2.95,2.89,2.94,128065212.0,375299480.0
2016-02-17,2.94,2.98,2.93,2.97,138060751.0,407818892.0
2016-02-18,2.98,2.98,2.95,2.97,146301356.0,433664671.0
2016-02-19,2.96,2.98,2.94,2.95,122387769.0,361889195.0
2016-02-22,2.98,3.03,2.96,3.0,167722947.0,501775828.0
2016-02-23,3.0,3.0,2.96,2.98,126381163.0,375741974.0
2016-02-24,2.96,2.99,2.96,2.98,95247885.0,283044317.0
2016-02-25,2.98,2.98,2.9,2.92,231515194.0,684747427.0
2016-02-26,2.93,2.97,2.92,2.96,140532474.0,414976642.0
2016-02-29,2.95,2.99,2.91,2.99,260584606.0,768176780.0
2016-03-01,2.98,3.01,2.96,2.99,142663210.0,425758795.0
2016-03-02,3.0,3.05,2.99,3.05,220580175.0,667956178.0
2016-03-03,3.04,3.08,3.03,3.08,186818827.0,570413782.0
2016-03-04,3.07,3.21,3.05,3.2,527131148.0,1659320328.0
2016-03-07,3.18,3.19,3.15,3.18,170029581.0,539430703.0
2016-03-08,3.17,3.19,3.09,3.18,224940796.0,705773304.0
2016-03-09,3.15,3.22,3.12,3.21,231588339.0,735275220.0
2016-03-10,3.18,3.19,3.14,3.15,117998586.0,374240110.0
2016-03-11,3.14,3.2,3.13,3.19,138208556.0,437020684.0
2016-03-14,3.18,3.2,3.16,3.19,147144611.0,468904398.0
2016-03-15,3.19,3.2,3.14,3.19,178768173.0,567050112.0
2016-03-16,3.17,3.25,3.17,3.25,452161580.0,1459107021.0
2016-03-17,3.24,3.25,3.2,3.21,178954399.0,575115936.0
2016-03-18,3.22,3.22,3.19,3.22,229670454.0,735884594.0
2016-03-21,3.21,3.23,3.2,3.21,244457300.0,785307574.0
2016-03-22,3.21,3.22,3.18,3.18,120630301.0,385505502.0
2016-03-23,3.18,3.2,3.17,3.18,92469604.0,294433437.0
2016-03-24,3.18,3.18,3.15,3.16,80972356.0,256274605.0
2016-03-25,3.16,3.18,3.15,3.16,56264415.0,177930540.0
2016-03-28,3.16,3.18,3.15,3.15,85593474.0,271224817.0
2016-03-29,3.16,3.17,3.14,3.15,107390436.0,338801454.0
2016-03-30,3.16,3.21,3.15,3.2,125128853.0,398683149.0
2016-03-31,3.2,3.21,3.18,3.2,82084460.0,262022897.0
2016-04-01,3.19,3.21,3.16,3.2,115540568.0,367538427.0
2016-04-05,3.18,3.22,3.17,3.21,154261933.0,492795197.0
2016-04-06,3.19,3.2,3.18,3.18,80577683.0,256831966.0
2016-04-07,3.19,3.19,3.15,3.16,85265479.0,270220564.0
2016-04-08,3.15,3.17,3.14,3.16,77771453.0,245251873.0
2016-04-11,3.15,3.19,3.15,3.17,98695041.0,313141157.0
2016-04-12,3.17,3.18,3.15,3.16,61799224.0,195532773.0
2016-04-13,3.16,3.21,3.16,3.19,190848393.0,609347470.0
2016-04-14,3.2,3.21,3.18,3.19,74704127.0,238319170.0
2016-04-15,3.19,3.2,3.17,3.18,72866592.0,231944337.0
2016-04-18,3.17,3.18,3.15,3.16,77449645.0,244885719.0
2016-04-19,3.16,3.17,3.15,3.16,68066749.0,214976040.0
2016-04-20,3.16,3.17,3.08,3.14,238400690.0,744209576.0
2016-04-21,3.13,3.14,3.11,3.11,77542574.0,242419876.0
2016-04-22,3.11,3.14,3.11,3.13,84042303.0,262848760.0
2016-04-25,3.13,3.14,3.1,3.13,80715873.0,251872828.0
2016-04-26,3.13,3.14,3.12,3.13,55355835.0,173221573.0
2016-04-27,3.14,3.14,3.12,3.12,40773997.0,127478572.0
2016-04-28,3.13,3.14,3.12,3.13,60728490.0,189872524.0
2016-04-29,3.12,3.13,3.11,3.12,70840648.0,220888435.0
2016-05-03,3.12,3.15,3.11,3.14,108140341.0,338916445.0
2016-05-04,3.13,3.14,3.12,3.13,70887845.0,221774529.0
2016-05-05,3.13,3.13,3.11,3.13,67952928.0,212122276.0
2016-05-06,3.13,3.13,3.1,3.1,114428566.0,355918336.0
2016-05-09,3.1,3.1,3.06,3.07,97234757.0,299759243.0
2016-05-10,3.06,3.08,3.05,3.07,85097736.0,260850517.0
2016-05-11,3.07,3.08,3.05,3.07,94672027.0,289997062.0
2016-05-12,3.06,3.07,3.04,3.05,83904533.0,256352910.0
2016-05-13,3.05,3.07,3.04,3.05,69974225.0,213618831.0
2016-05-16,3.05,3.06,3.04,3.06,47121242.0,143851711.0
2016-05-17,3.06,3.06,3.05,3.06,57909586.0,176906292.0
2016-05-18,3.05,3.07,3.03,3.06,137448774.0,419347273.0
2016-05-19,3.06,3.08,3.05,3.07,90608094.0,278206057.0
2016-05-20,3.07,3.08,3.06,3.08,76828475.0,236177895.0
2016-05-23,3.08,3.1,3.07,3.09,84463424.0,261191720.0
2016-05-24,3.1,3.1,3.08,3.09,55033433.0,170037803.0
2016-05-25,3.1,3.11,3.09,3.1,44418676.0,137575577.0
2016-05-26,3.1,3.11,3.09,3.1,70441921.0,218462674.0
2016-05-27,3.1,3.11,3.09,3.1,66533373.0,206348354.0
2016-05-30,3.11,3.13,3.09,3.13,78085853.0,243241363.0
2016-05-31,3.12,3.2,3.12,3.19,153315787.0,486419574.0
2016-06-01,3.19,3.19,3.16,3.16,110451631.0,350670738.0
2016-06-02,3.16,3.17,3.16,3.16,63400105.0,200569093.0
2016-06-03,3.17,3.19,3.15,3.19,83598677.0,265104432.0
2016-06-06,3.19,3.19,3.17,3.18,67287944.0,213730363.0
2016-06-07,3.19,3.19,3.17,3.17,49912395.0,158483687.0
2016-06-08,3.18,3.18,3.16,3.18,61774463.0,195863978.0
2016-06-13,3.16,3.18,3.14,3.15,95433991.0,301915680.0
2016-06-14,3.14,3.18,3.14,3.16,88728185.0,280555862.0
2016-06-15,3.15,3.18,3.14,3.16,75842421.0,239639523.0
2016-06-16,3.16,3.17,3.15,3.16,59561973.0,187998531.0
2016-06-17,3.16,3.18,3.15,3.17,67923175.0,215253670.0
2016-06-20,3.18,3.18,3.16,3.18,40558594.0,128543958.0
2016-06-21,3.17,3.18,3.16,3.17,55378295.0,175749933.0
2016-06-22,3.17,3.18,3.16,3.17,71536468.0,227194904.0
2016-06-23,3.18,3.19,3.17,3.18,56892488.0,180926474.0
2016-06-24,3.18,3.19,3.15,3.17,82645973.0,261932182.0
2016-06-27,3.16,3.17,3.15,3.17,56943797.0,180061384.0
2016-06-28,3.16,3.17,3.15,3.17,49843140.0,157481336.0
2016-06-29,3.17,3.19,3.16,3.18,68868497.0,218727825.0
2016-06-30,3.19,3.21,3.18,3.2,108019322.0,345820917.0
2016-07-01,3.21,3.23,3.2,3.22,80896224.0,260182890.0
2016-07-04,3.22,3.27,3.21,3.27,109684873.0,356835446.0
2016-07-05,3.27,3.28,3.25,3.27,89546909.0,292457665.0
2016-07-06,3.27,3.29,3.25,3.28,153789504.0,502353577.0
2016-07-07,3.12,3.12,3.09,3.1,159307876.0,493495044.0
2016-07-08,3.09,3.1,3.07,3.07,86560614.0,266268999.0
2016-07-11,3.08,3.1,3.07,3.08,76033200.0,234514869.0
2016-07-12,3.08,3.14,3.08,3.13,147877927.0,459801499.0
2016-07-13,3.12,3.16,3.11,3.15,177260784.0,556056006.0
2016-07-14,3.14,3.14,3.11,3.12,104013117.0,324395502.0
2016-07-15,3.12,3.13,3.11,3.12,88991442.0,277159289.0
2016-07-18,3.11,3.14,3.11,3.12,122083081.0,381092000.0
2016-07-19,3.12,3.13,3.1,3.1,95579130.0,296970696.0
2016-07-20,3.1,3.11,3.08,3.09,67466723.0,208466750.0
2016-07-21,3.09,3.11,3.08,3.1,65674020.0,203489938.0
2016-07-22,3.1,3.1,3.08,3.09,59655938.0,184198452.0
2016-07-25,3.08,3.1,3.08,3.1,72608616.0,224610884.0
2016-07-26,3.09,3.12,3.09,3.12,72561301.0,225438783.0
2016-07-27,3.12,3.12,3.08,3.12,161162063.0,500079966.0
2016-07-28,3.11,3.11,3.1,3.1,62827748.0,195008215.0
2016-07-29,3.11,3.11,3.1,3.11,48203837.0,149674065.0
2016-08-01,3.1,3.12,3.1,3.12,111596431.0,346705844.0
2016-08-02,3.11,3.12,3.11,3.12,61500970.0,191685570.0
2016-08-03,3.11,3.12,3.11,3.11,45542309.0,141817615.0
2016-08-04,3.12,3.12,3.1,3.12,92000551.0,285953301.0
